0.27045323906809315 0.2822788329839918 0.26801898418824366 0.2440804781428236 0.23253281093107817 0.24220780191850894 0.046502138554500944 0.1559984883247969 0.21787232677731874 0.2398416910152818 0.25970491472954244 0.2801361013976495 0.2789837522103847 0.24275334168801715 0.24453418854438466
0.22331167963385062 0.23415389919575363 0.23172250290267538 0.2427251128095228 0.23160118372361982 0.23226394192671043 0.20939643932329993 0.20429968847528793 0.2079262286135375 0.22858550327803434 0.21701889634089372 0.23318350246560737 0.23589776462901652 0.23817213064174764 0.25359612659511116
0.22929247518190443 0.25271352441199574 0.22383117514511408 0.22592368896928106 0.2293544134658402 0.22904858686306498 0.12204741983326686 0.06800310374187493 0.21537795111633787 0.24602892757772532 0.27036111749486724 0.2828250385931215 0.2909354893002992 0.2687534465754188 0.3010081934420263
0.27561255049736666 0.2953673111921134 0.27591627331015783 0.267644189756624 0.2679490264584757 0.26898612083329165 0.2951681266967304 0.05970294301391395 0.044287370912413845 0.17417038541786395 0.24190761362708832 0.23160619535859459 0.26213381016956433 0.25028818404669073 0.23987160616342262
0.24210499144945832 0.23919335454603957 0.2251535649891997 0.24124018425320465 0.23271517128603744 0.23216283447390668 0.2276223088103404 0.12126701513258306 0.059677274970884195 0.11017051512427184 0.130411727770694 0.26484465569410415 0.32527376907577704 0.32258638914231275 0.32745148044102657
0.32441833416040045 0.3423177958940987 0.36501402026768165 0.3530839125966446 0.3526839104963523 0.37415474999359033 0.3618852996606653 0.17780504709669634 0.09440406884084396 0.08245699908527851 0.21293719733745242 0.25076369813962174 0.23306872998103642 0.2134135320568272 0.18943610398243943
0.2968677484036579 0.29381451686770266 0.3000328024023956 0.27505404545017975 0.28111024656218264 0.2627887602792102 0.2674812253463952 0.24372377861485256 0.2440139725286563 0.22642818354031596 0.24645936808891966 0.2601559891270018 0.2756045417901417 0.2879534247445553 0.290750585097227
0.22545695891574055 0.24789285931950727 0.2491790955409321 0.2583969358388505 0.26140172053144434 0.23297516477886823 0.2349181411243595 0.2092453207512014 0.05282982182404894 0.13337349039027224 0.19291347444112877 0.1917089035200843 0.19326086314419133 0.1931912297048231 0.20230841576311082
0.2351183868661345 0.23313977326384214 0.22988241501438808 0.2453904073719647 0.2578310584555366 0.24657302643804999 0.24844345957452513 0.24335008670215874 0.08912181612680867 0.0661361198396968 0.18163580162493373 0.23600674790999954 0.23848316229833383 0.21742199181296823 0.23653673619807442
0.2624242216774558 0.25797235164662713 0.24339612065280547 0.2587637869740247 0.26954484906124987 0.2627687906765287 0.25827676484266554 0.2295620048293432 0.24586105107913014 0.23795962254446007 0.23836153876115612 0.23862259982687994 0.25781680148130676 0.2479093952082887 0.2553489121010414
0.23836153876115612 0.23862259982687994 0.25781680148130676 0.2479093952082887 0.2553489121010414 0.16873575785077927 0.06018818316712726 0.13912121761770196 0.2080217356413542 0.22984723528552897 0.23976229142361488 0.25399175212787173 0.2642428000008622 0.2677279379811706 0.2510780475935314
0.25929040860798636 0.24140063212047963 0.24536573541596393 0.23012126001652417 0.23345273584870702 0.22146364757571665 0.21787834067517048 0.07762302036249083 0.10372682637961197 0.19631949137110666 0.21460991325519413 0.23797683142225712 0.2688114208105943 0.2560370337429235 0.2527477495695607
0.2454528823434139 0.23144430535754967 0.23180336787908784 0.24520328013875692 0.2374381521059981 0.23044697606242098 0.07445338212706512 0.051853051742139916 0.1369131851462591 0.21755266484685798 0.22323034255595528 0.22710932514644014 0.23173736343826173 0.2262893124145735 0.23157944197929453
0.24940446843219807 0.23350838032520677 0.24206759450228948 0.24967500497934056 0.2373842878224943 0.08316905126078429 0.06382023763555951 0.07490993242616593 0.0696831828820137 0.11539283415510719 0.19071903802227913 0.18697699323898545 0.20185646882717606 0.2169372293769184 0.2147806016152956
0.25461324324797996 0.24962070631065522 0.24239889316688756 0.22831283712453523 0.22616580105773348 0.23025731074602163 0.08654108063735672 0.040373110656084746 0.15324350429759187 0.20744852928740615 0.19019857452849664 0.20185757298111184 0.22197920132398397 0.2177641007717857 0.22674925425014325
0.2247734825376576 0.2303001804161644 0.24099298621829457 0.22335268812138095 0.2430898097153401 0.22912708020105316 0.22440355855909416 0.21880178489772684 0.21359913881553194 0.2043155215393032 0.2248992391544759 0.23271297907034125 0.23460630420238204 0.23151916776673526 0.2230292904974941
0.26784580454191403 0.2689273095695779 0.26044192742442934 0.25457899123707933 0.26236802400672476 0.25629423030978493 0.040931961574083006 0.05383165146596179 0.16951750358448975 0.1968020009731313 0.20915593031114876 0.2122658156364832 0.2240284242103323 0.22776596168279128 0.231578860480543
0.2728517183516015 0.27202625352984433 0.2749403187064887 0.2530789784355938 0.26053985747496955 0.2639571030353866 0.2505365290666809 0.2340080624408309 0.09818894621104768 0.11223093010996721 0.22960925108562508 0.2483670341272281 0.25171893925781164 0.24461205064139618 0.2527037986453907
0.2740798594247661 0.2495558239122183 0.23661615506132475 0.2372436857271232 0.25172986151823856 0.24668545989035984 0.24299289796838822 0.14735486410432785 0.04288023442566554 0.13872998935517178 0.16264447796699616 0.19061659481298798 0.1965611521843288 0.20455713518845792 0.23420967019535166
0.23300890182436254 0.2347761028143547 0.2288239130633793 0.233511259443197 0.22752549841764713 0.23545712398294277 0.22890681127267204 0.22629249084668007 0.224539546925641 0.22414671947637968 0.24633945810877728 0.22864277089573953 0.2571579013389707 0.25157318439498444 0.23665527538822756
0.2331964027991371 0.23264828753090566 0.22391645218018127 0.24040963098390356 0.24128611894455043 0.23352986218465205 0.2466562395080285 0.148448941620133 0.12137153303219207 0.18921798919364072 0.2206468447895618 0.2354731619383662 0.2305541430045863 0.2227987088754333 0.21961499497011536
0.24085023364647384 0.22534192646291962 0.23408794523633486 0.24346323406024306 0.21582343537951948 0.21620041422018288 0.2029780735043077 0.21787684224783072 0.21016642851418368 0.21399352906728925 0.2214576238718463 0.21104358226385206 0.2170048347782318 0.22651850301392046 0.2132617088631948
0.19274514082771585 0.2101975031851413 0.21619166093170164 0.20515844630225316 0.19704313880280916 0.1956960107519474 0.18892584148603084 0.17846378428607598 0.053676820862222765 0.09930019254011498 0.1629202143838026 0.20783824574113544 0.20149148030620623 0.2099165937879818 0.21122853575336775
0.19632846337471654 0.195015542641492 0.19490992274799182 0.2040577466456274 0.21585692207830343 0.20910073527321288 0.19371983069102733 0.1865690252618295 0.205194650793898 0.17895910028081968 0.20825202157937736 0.2193151221930536 0.22161527825750157 0.22538243481147335 0.21240612390811514
0.22108008259918055 0.1742846929260699 0.19387896413093778 0.17778571093248763 0.17341803723224125 0.19689391365628972 0.18068490970469567 0.16698755010292693 0.16229668043477988 0.19321502302290994 0.19736762529749524 0.20468404406239823 0.2095395683999315 0.19704131237259392 0.1778219696129624
0.20364668439623995 0.22006882299590602 0.1991320221190454 0.20787958448659105 0.2132919058736903 0.2079291949290108 0.21301908043281087 0.2120669303726843 0.04058653629229128 0.08589186480377939 0.15975041867393974 0.17318142234240422 0.18269778810840945 0.19434795666480376 0.20199732159684625
0.19301782499810488 0.20100070094694944 0.22510085065148946 0.2066920335679236 0.1985745184154718 0.1898014542204249 0.15992874953496 0.18787507664508604 0.14735425093883828 0.169248360184958 0.1709419441794125 0.19149402920135228 0.18878496344232482 0.1960652827934924 0.20463810235070717
0.20768401184455387 0.202639175512345 0.20035531203341386 0.1838893697118772 0.20436625162101954 0.18270636722198125 0.07290639788538388 0.14693678407467992 0.18336467171757403 0.1887634550336491 0.20479231364430464 0.19009894148288892 0.20531893198357276 0.21607802465517517 0.21059900351822153
0.20479231364430464 0.19009894148288892 0.20531893198357276 0.21607802465517517 0.21059900351822153 0.22749252062073488 0.12835514855837732 0.038223899814374435 0.13164929603265596 0.16262267618531556 0.14981140063765347 0.1529356940059255 0.17223524773947527 0.16996705179625526 0.18836894209006774
0.14981140063765347 0.1529356940059255 0.17223524773947527 0.16996705179625526 0.18836894209006774 0.1588590201770048 0.1605470597956729 0.14553659162577248 0.16685254332273727 0.14536561605116682 0.195602357483017 0.1804750968568996 0.1804041854786328 0.18263679659891885 0.18529412573616252
0.18597748542913178 0.2052854177515658 0.20776507515351017 0.21982678560582078 0.22313290354309817 0.20469281573434356 0.16286649345538315 0.16199768025548983 0.18693633625137213 0.189031644427602 0.18684877646164916 0.18852473653159174 0.17599593368451635 0.17371432282026716 0.17809119063143658
0.08303639111573022 0.16116106852974427 0.1493264694937537 0.16203533717127439 0.11975545593334477 0.14735032717782603 0.14394172917334178 0.1552942402669802 0.04324112721866954 0.0697163184289432 0.10914585807974236 0.10896742817688446 0.14280459959446185 0.17644626012172884 0.17695714055322204
0.1546105328568479 0.1574680397966991 0.1528136426869124 0.14114094441901973 0.1622488113158213 0.19724734582822057 0.16656200908670515 0.12167672094887569 0.14163554326227606 0.1249550899055446 0.14659532675897605 0.15137045726399379 0.18511433038455904 0.16263134687291853 0.16452131795032865
0.22193723801603293 0.16551959854267678 0.1612441669645897 0.17385144329243143 0.15366206454251227 0.14333692371724682 0.13321810756252012 0.1322506066444282 0.12192378022431549 0.13690129232563925 0.1368052043592636 0.18740612230094003 0.16607221026895524 0.18643974828455243 0.1910710000761633
0.1927579212554486 0.18553782850042067 0.19977545408517572 0.17023321472953817 0.1631832292028616 0.1339862320895894 0.14867927778716775 0.12131782395351279 0.16057034475856752 0.12537914406040415 0.1444922854322902 0.16171400425637456 0.1981674528084101 0.19567663831058807 0.19498139574842244
0.1882578572508625 0.17991235464556507 0.1881511326510087 0.1823327656562599 0.19071739440688473 0.18884823650897364 0.1875406360498263 0.1589710274067907 0.16057023721691177 0.17321299798061662 0.1736924314085544 0.1654156679360359 0.17401556171451324 0.17693059589569887 0.18164706717396317
0.24074797853656993 0.22680362633995774 0.2334692063172707 0.2287747560565327 0.17778326790983073 0.10693205729523494 0.12105230393745214 0.07002855379575418 0.057925513662556154 0.07915331552646923 0.2110281220942689 0.2501228318470302 0.24470886435921219 0.24581024512567556 0.26945110315106935
