0.23277270972163908 0.21761949128473573 0.24639967500619644 0.23795849054210216 0.21308021570792596 0.22455771605030442 0.2137338877321816 0.03491324172231165 0.05610126132511437 0.16787981905839938 0.20382986397511743 0.21747795773426148 0.2248314205180404 0.24659970660127828 0.24999731173699352
0.2018927417078732 0.19336757984820532 0.16080145348826816 0.1837554829241613 0.17287070922720066 0.17987278979851873 0.10061503597386248 0.1443067982563596 0.1516774520149584 0.17266700904193344 0.19908907109364182 0.21682243641912838 0.20927326913999839 0.21495081203579647 0.22224903179892605
0.19908907109364182 0.21682243641912838 0.20927326913999839 0.21495081203579647 0.22224903179892605 0.1788695957949692 0.03888635953579001 0.15776885986822892 0.2235808222426378 0.2233302272963758 0.21467760546395967 0.20012727187216872 0.21882592777759508 0.2101907172089663 0.20526572242011454
0.21467760546395967 0.20012727187216872 0.21882592777759508 0.2101907172089663 0.20526572242011454 0.21180775452730322 0.20303572060780037 0.21261510081649454 0.03956254612575085 0.15629971252289931 0.23298392760991882 0.25750300568084017 0.2566056587906657 0.26193480521928775 0.25714613115171864
0.21664809764853316 0.22240257110287243 0.21813659250595113 0.22610865619306586 0.2313830753302804 0.21727019091954408 0.2228332181753751 0.18656155698318821 0.03377017258214575 0.1044926350177441 0.16471862403181659 0.20359850863954654 0.18636388160854256 0.1943692319951199 0.2217974138219086
0.20641701233146648 0.20700773753400958 0.2032185309619251 0.20012167264256975 0.20079104004147796 0.207390804011369 0.19718277768119583 0.2080428076568706 0.1971843211833634 0.20308226181589784 0.20242563076051473 0.22310319635782905 0.21972263404705156 0.22725225275796737 0.22156802681691917
0.22446912376796385 0.23496985778569274 0.24737721575909924 0.22120162631380688 0.23471631859731262 0.2367243804516359 0.2594067360827377 0.1759110132139956 0.06114944933810795 0.06305521698743051 0.0636442842966626 0.0647650365961937 0.06655749221262597 0.06656329102135111 0.07137417949735674
0.08664716633267505 0.08525705787507332 0.08672288213982321 0.08616485884564007 0.08094644713250418 0.08473881947097714 0.07599624895948445 0.0918531278154798 0.08156401604074727 0.0805955960169916 0.08847024416556684 0.10131467457651391 0.08586587304486981 0.08545807300636875 0.0906284875804879
0.27058809404828227 0.26523473023515987 0.2713728736724764 0.2722533740885536 0.27984716551235056 0.2663978782189384 0.16523974373031702 0.06595323144666854 0.15008868319447005 0.1780951613729827 0.2038021857818607 0.2150201262379217 0.2299044591024752 0.22394328077569936 0.2335227109703888
0.2951219056754838 0.2779840897344016 0.27540379536456194 0.2802713851365226 0.2654346852726561 0.2691370478881641 0.11416640666485939 0.11508478590155846 0.2390154564872944 0.28039813097471034 0.2923093069621783 0.2906626139894546 0.30808201524821044 0.3083335490458634 0.29058049442522305
0.2892753723643265 0.2655989606201087 0.264296749642278 0.2755290320517426 0.25565773079950077 0.24505704085260294 0.24214325131204947 0.24015278938237183 0.23141692231596916 0.25213805398703687 0.2711092305741062 0.25827850171873024 0.26254512212352205 0.26595744515949094 0.2614991045762385
0.2927127106488555 0.3017457675090657 0.28956876905949946 0.29998753516267507 0.28895863946368705 0.27018135941260235 0.2690527248493687 0.2698569346213912 0.28831487345806306 0.29047601540688395 0.2784217379740217 0.27336866142639016 0.28053604424673695 0.27792650913108785 0.2750921997730188
0.2721986437046561 0.25851154190035064 0.273464303434376 0.28915937787951285 0.26030093452060266 0.21907084192825244 0.18869997774040084 0.10029781833524593 0.0775681895056402 0.11809731878282839 0.13860485439098147 0.17734239840386068 0.19792064272305473 0.17398896113063758 0.2170777490042092
0.19779344492627104 0.2217875647954077 0.19494393677890687 0.2003543088081718 0.18172013383288751 0.18836847856195488 0.22181255214990642 0.16524543878479067 0.1726055127874642 0.20769914965823888 0.18137705992806585 0.18274984078604317 0.21563565515482663 0.21991614338448773 0.2367430679263121
0.2316926450567018 0.22581911356603723 0.2275119142814067 0.23234037614523378 0.220049956271055 0.2215671972848269 0.20907459391309913 0.21490527590535857 0.2197339758366254 0.21903595694243652 0.21906998192525726 0.21567570413721748 0.21617056745241675 0.22848675989807576 0.21631642218805536
0.21906998192525726 0.21567570413721748 0.21617056745241675 0.22848675989807576 0.21631642218805536 0.2220785900933805 0.22010109707488046 0.21028034949615532 0.21008065527285097 0.22055965505221986 0.21644655387800316 0.2202534342602096 0.2139748023103492 0.21753086196950946 0.22288962528115724
0.23397729263842162 0.23800451016466534 0.23743638338157375 0.23972821615287077 0.2309042228117026 0.22398233118628771 0.2262228327057671 0.22538254037355873 0.22055285766884086 0.22055285766884086 0.22652727587210403 0.22548221139848662 0.23390477536012838 0.23617119134180148 0.23625775128513993
0.21784705412243807 0.20650045099542014 0.20666198904558233 0.21729411906634194 0.21135004048011083 0.212717771489643 0.21478066365922222 0.19859592598875636 0.19856748928232335 0.21214113865926532 0.20985352632244986 0.21673279657744315 0.2149551761938398 0.21275540700285017 0.205898391615069
0.20985352632244986 0.21673279657744315 0.2149551761938398 0.21275540700285017 0.205898391615069 0.21755043573529298 0.21781499610223432 0.2052720634989842 0.06260918704153082 0.05095450496520507 0.17328266306453705 0.22133631037691306 0.23607713878855524 0.2472648269631568 0.24913126851047546
0.17328266306453705 0.22133631037691306 0.23607713878855524 0.2472648269631568 0.24913126851047546 0.20449549768165126 0.059042183734206 0.07268189574267378 0.055588217521342326 0.05216250808497608 0.05795181136130631 0.06819277198048154 0.06358469878698407 0.06454016003609747 0.07257088051006942
0.26527708838038205 0.25855785001560244 0.24251449547328263 0.2364158155816788 0.2331780051121286 0.23427318526084046 0.2372979032474929 0.21897668540627477 0.21655214472317766 0.21537231655783112 0.2266339854584541 0.23673951725987885 0.24489542564655065 0.24395607116286339 0.24511217691599932
0.2533848053746334 0.2587730814563348 0.25113263027458455 0.2427788454402778 0.23991458103786506 0.2400738028150111 0.2307981145997284 0.2274904059368907 0.22192263789864125 0.22086225541224846 0.22939234676183767 0.23197332140158655 0.23560950665021624 0.23662194404241516 0.23204537799524821
0.22254683470823702 0.23360723221032048 0.22864413581473608 0.22605725366879365 0.22403023252021528 0.2226627981653193 0.22825156560353443 0.21795965383308596 0.22404887250092767 0.21804459140369598 0.21844911508428616 0.21830666829395484 0.22328921470773144 0.220220357438473 0.22398430169843903
0.21825108894424605 0.22069207948725847 0.22930831914694755 0.18025912002216138 0.16601895636830402 0.14897203272483847 0.11716264393676923 0.13890910210286755 0.1598757678353188 0.20421598990418416 0.21202380220417066 0.21353827505548922 0.2269284197464503 0.22757351377101237 0.23335400881629237
0.2382782890850819 0.23570111459661694 0.23874761845593234 0.23982793740334993 0.23946756135884906 0.21800131237761844 0.2036678027121358 0.20846233045104462 0.20754320808592222 0.2005629034224783 0.2212302174714217 0.21432603292100427 0.2090913445182423 0.21002710433679145 0.21321247129099377
0.2212302174714217 0.21432603292100427 0.2090913445182423 0.21002710433679145 0.21321247129099377 0.20468505350730976 0.20691916403576763 0.21793408560145594 0.19837846792787878 0.2019460864082869 0.2054377690896687 0.2029438877753083 0.21057795868059667 0.2138657564113412 0.2076549217508764
0.2054377690896687 0.2029438877753083 0.21057795868059667 0.2138657564113412 0.2076549217508764 0.2198869504485535 0.20989248927325888 0.22130806571853268 0.039180417337934766 0.15400449463320567 0.18555790893456026 0.1907230737920737 0.21460634092042358 0.2180847639063892 0.22829930863809922
0.2257922696209641 0.21471642531213853 0.20916791184520783 0.20851535720761236 0.22222100178240456 0.2345175826316693 0.22970202532007938 0.036675906215995306 0.03112251156990671 0.11628557476662621 0.17767150725335207 0.18444084946176725 0.18504807679459728 0.18900132743757847 0.229175803121611
0.2199691171688123 0.2263886734629107 0.22747487352846998 0.2253378538908375 0.2167687117954352 0.21432085024617398 0.20892775443014933 0.20892775443014933 0.2210553172343716 0.2167687117954352 0.2253061433216244 0.20897694080321239 0.20912108139566052 0.21391330608406137 0.22303144333048752
0.2127343067408748 0.20394518468461176 0.22092213333490113 0.21012246981011873 0.22919941920437537 0.22912112698511833 0.2178504892164278 0.20650631792061558 0.05079317582415159 0.16427330522080752 0.21662401311534835 0.23705629966317898 0.22579686593540288 0.24556014762541445 0.2382067683696123
0.2219916701680022 0.23755268515227693 0.2409689953794514 0.22263327923920354 0.17920257212904261 0.17389749269166843 0.1856109254328248 0.1835969222890355 0.16512076580993498 0.16086913017939394 0.17751431955355243 0.18621418662638534 0.18349171585174234 0.18379707974871584 0.17315573746582213
0.17751431955355243 0.18621418662638534 0.18349171585174234 0.18379707974871584 0.17315573746582213 0.20960199959461467 0.21630264898790966 0.02990744473547801 0.04646719296429827 0.050955423275796566 0.10828768516016186 0.15705734097977067 0.16231725029692246 0.15695050861754167 0.1665825831046514
0.21467857126027784 0.24283965138758584 0.2501418671446797 0.26183817805674575 0.26565312748329906 0.2584538437616557 0.23775965957472647 0.039019596936235246 0.10687936372632949 0.20781016394723759 0.21730019601251957 0.23086056086439868 0.21678046720824912 0.2379855695672812 0.23149809248947478
0.2424406735873936 0.24452446066527678 0.2553289399342838 0.2500452238640005 0.2456187858797142 0.24444656666232262 0.24190980153388325 0.24997301379735412 0.24377803055096786 0.24172855772592478 0.2524835002965407 0.24964225130225878 0.24626060044825904 0.2528976143998407 0.24454176107981979
0.2680688913714391 0.29539004913314226 0.2898409772374829 0.24832298971631048 0.24709197891788776 0.23517869468444616 0.13978274865048768 0.12422549327970794 0.12679730029315764 0.14948489347116237 0.18523232849042065 0.2182030345769474 0.24265758295630843 0.3008433165409152 0.2924207236868409
0.18523232849042065 0.2182030345769474 0.24265758295630843 0.3008433165409152 0.2924207236868409 0.267644245647966 0.2542347219136663 0.22569364442808193 0.15264358395873237 0.17024826268692755 0.20725713339919694 0.18656651935913937 0.21926764509917046 0.23592156961960695 0.22977977268923788
0.3459881931062733 0.3618603560502328 0.36403658381950404 0.32459554452499373 0.3181472632207581 0.3197093205310959 0.28191653871149014 0.052011943147732956 0.1465080948350498 0.22753457393919768 0.262775560146277 0.2781620982909552 0.29359956863170433 0.28997244285768664 0.30000130382975787
0.2698617981590128 0.2649511266644494 0.28179427763761644 0.2851223104845423 0.2685438528271178 0.2682790223816567 0.2823036127215941 0.22844299997083484 0.04047603485512887 0.1182076640981917 0.2021026444191555 0.24325992922945971 0.2637221533084232 0.26281233963901274 0.26409370381481845
0.2021026444191555 0.24325992922945971 0.2637221533084232 0.26281233963901274 0.26409370381481845 0.26566302411463194 0.2662662694050104 0.22841886867183142 0.03926377079432772 0.06920214691071183 0.14812826929854647 0.2166571670563409 0.22997769041483415 0.27192481146247 0.28045686106677387
0.39138903043207535 0.38370885390131093 0.389279701760719 0.381758842963291 0.4539720456940791 0.39375854636474794 0.14376273031875578 0.16520792381050145 0.31198858559575915 0.3271613803423522 0.3351455412916559 0.32323792852177713 0.3184864281950828 0.29353297773545695 0.26830002755825755
0.19877061651021916 0.18829205838050883 0.18634168097337056 0.1962618121172394 0.19512978016075005 0.19994075333740255 0.05469447874749224 0.09336857146552263 0.267856960432588 0.3315251486945682 0.3433971799844159 0.35143484519696544 0.3514315377363423 0.3588249506737489 0.36810420408235184
0.33444447060743565 0.3412668994076694 0.3619121860184098 0.3686800776063882 0.3847768234911265 0.26158125968402823 0.12537101996702632 0.23827332780870597 0.29396829449756934 0.3012495727753352 0.3251875920747255 0.3654972367855205 0.4115609368170537 0.45160639150156023 0.4993606312615828
