0.27064541725647784 0.255675281035824 0.24781748716420654 0.26024631290436684 0.25264204889018493 0.2468956150071253 0.059159230606733774 0.14292941635867362 0.23123957150912197 0.22200205666661532 0.2448698419941308 0.26560475024114544 0.2666140973220505 0.27474923646285837 0.263758672883797
0.24769543975039854 0.23795533067078667 0.24816419583225868 0.260385645073412 0.2583401915656176 0.24985298205989842 0.2611015602016891 0.23017444823180178 0.23679876157343557 0.24840038054496755 0.24311221224740565 0.27174225492879966 0.25668269007415745 0.2562182488180544 0.24971907892455641
0.24864101429263252 0.24860336928078086 0.25567936090580257 0.2588368189100726 0.24840754725441527 0.2512187120776578 0.26152511501432296 0.15337422285208868 0.050694618414709236 0.10656577830302179 0.20944837377933045 0.22999183461005018 0.24546141940119282 0.24151339593189347 0.23829626060655384
0.24008676901362813 0.24698699831523951 0.23677507195585595 0.24625957927555192 0.23760415442254057 0.2363628483053858 0.22254020120073298 0.21744172330664135 0.21788785359107424 0.21796459136278704 0.2386348682052622 0.23697053184509081 0.23891779362180823 0.23798854521144505 0.23962705767839262
0.23814129603410153 0.22434525922308862 0.2239307568397812 0.22741205919493698 0.22499503203599466 0.22903423585991778 0.21731764650118213 0.21458310362394406 0.23346619422031512 0.23288600989648933 0.23068239144393246 0.22041526654268984 0.23214355835456513 0.2235356276179073 0.22131550635952074
0.23783153116119748 0.21309328961735752 0.22959822411585437 0.2202060045808843 0.22670845851333946 0.1994765612606214 0.0595151570091466 0.19641283004098514 0.2184158410929965 0.24575740721261108 0.23247362865010188 0.23324953445155247 0.23485974514484048 0.24537697287406943 0.24214095538732844
0.23416599621252665 0.24792496939266906 0.24903965008503143 0.22280877440650243 0.23037180407675373 0.23861799275355983 0.23411175976890167 0.2516191556715644 0.0739710683948829 0.16237029776665216 0.22465780352819809 0.2368042318141183 0.231720780358828 0.2502232462425598 0.2561139103133356
0.2595247641908595 0.2631028096287994 0.2698972251999563 0.27284158762419214 0.2591792718395916 0.2653058309164836 0.27664565908445116 0.257294566287666 0.21622458286432322 0.2295226538468146 0.24655443372092448 0.25531620914573183 0.26325587417824503 0.2544925350597121 0.25530964113186694
0.22613895737061634 0.22097721116003258 0.2103102273832675 0.20584062140656895 0.21506825117046924 0.22286787232743713 0.2214814721625435 0.2016110071258616 0.05331250986345766 0.051748557093969805 0.16036642723934547 0.18663191524646772 0.20420257994914326 0.21264425455396097 0.21836732398819247
0.22860903977672048 0.2118426250972839 0.21811997082594914 0.23269294094195186 0.2340437153220709 0.22887858193613597 0.2102632436708676 0.20649603816046747 0.21202403355661392 0.22197841735898058 0.2151061204656572 0.21202548849048192 0.23020213486307642 0.23418686066253813 0.22872634931738456
0.2157687340411628 0.21313109499543392 0.21615458058727377 0.21950848467331344 0.2103582140325828 0.20463785669336543 0.19956793276265777 0.205961298193298 0.19760257722434232 0.20388703215319565 0.2097892253275409 0.22360073298476224 0.21053812546765288 0.2218524469267566 0.2227469503113684
0.22579952395316755 0.2183041384103194 0.21757886654196712 0.2028609905203997 0.20646377708502583 0.2080043847899914 0.2022492781493941 0.2041019183691986 0.1942334146006518 0.20241493753716558 0.20591740260359453 0.2193803406774219 0.2220449788879173 0.22071066884391574 0.20613259592204253
0.2085486492076164 0.19924162840214527 0.1997916723656285 0.19380406827089636 0.19833626508198332 0.21057477346623885 0.19341998236474434 0.2009753869440603 0.06581951603224456 0.06531323500823512 0.13469941136181274 0.1646839157869865 0.18823613899462854 0.20353280022473452 0.19641123366980612
0.19721134843226257 0.19336841434056146 0.20622375173086593 0.19843409929240247 0.191066825421433 0.1984821323000665 0.18986080957731077 0.18335620224783006 0.187842564490435 0.19472548769144332 0.19189340886084072 0.19351989502980416 0.20186273002136093 0.18863107669635654 0.19586728616491778
0.21434900949161462 0.22260829848780844 0.22436852355578868 0.22259056019020154 0.2163167804553309 0.22303954319962452 0.21954877078529933 0.2100135476582275 0.0659803988186087 0.08153074636598008 0.18806413873255 0.21477704963855382 0.21308319197501346 0.20120836055312163 0.22075420525877398
0.2248216241704531 0.23299666118757817 0.23000913274481766 0.2292436633492254 0.22939347740643495 0.24448147102477777 0.23710468057407624 0.054587726352477745 0.08092254504981385 0.20556861958500647 0.24237697575473505 0.2552389785340271 0.269379763457676 0.2544318618009614 0.23898598868137017
0.21929526321418458 0.22337658589054074 0.21636155321589995 0.21725051989990118 0.21256669264164557 0.2091776930560498 0.2111040929080697 0.21156086109013303 0.20803638558575072 0.2007504612515816 0.21399681571529316 0.23153441310551787 0.2223263318560601 0.21181645628760254 0.22336327713110238
0.23021466378871247 0.2469001157609192 0.22513053842454808 0.22815725909427229 0.22503238204445578 0.22863514254553896 0.21339287308821192 0.21128103057223446 0.21786457781385393 0.23775673372682168 0.24354480309659385 0.2448563335855987 0.23710715420595796 0.23699695208201377 0.22519605555178973
0.24354480309659385 0.2448563335855987 0.23710715420595796 0.23699695208201377 0.22519605555178973 0.2197802752041157 0.22741243292271096 0.21471670720731656 0.20774477257014948 0.2183183407573972 0.2161103690590233 0.2373749870232706 0.22583469541176712 0.2201219540947392 0.22463791437707092
