0.2425308032941454 0.25316181814032396 0.26560009929210066 0.26915671066286995 0.26153527307374713
0.2425308032941454 0.25316181814032396 0.26560009929210066 0.26915671066286995 0.26153527307374713 0.2611136412119259 0.25097210498497746 0.25651426485872686 0.25920039266364486 0.2627497551699617
0.2425308032941454 0.25316181814032396 0.26560009929210066 0.26915671066286995 0.26153527307374713 0.2611136412119259 0.25097210498497746 0.25651426485872686 0.25920039266364486 0.2627497551699617 0.2683317130707583 0.2734755286035987 0.282735643799218 0.28711803280468073 0.28016222946855196
0.2611136412119259 0.25097210498497746 0.25651426485872686 0.25920039266364486 0.2627497551699617 0.2683317130707583 0.2734755286035987 0.282735643799218 0.28711803280468073 0.28016222946855196 0.28539383582537914 0.26824821572250435 0.27254550938916944 0.28388606045360365 0.29351519789186764
0.2683317130707583 0.2734755286035987 0.282735643799218 0.28711803280468073 0.28016222946855196 0.28539383582537914 0.26824821572250435 0.27254550938916944 0.28388606045360365 0.29351519789186764 0.2679823977806754 0.25974490165455894 0.26863240208968864 0.26094955474376086 0.2760374480782056
0.28539383582537914 0.26824821572250435 0.27254550938916944 0.28388606045360365 0.29351519789186764 0.2679823977806754 0.25974490165455894 0.26863240208968864 0.26094955474376086 0.2760374480782056 0.27064541725647784 0.255675281035824 0.24781748716420654 0.26024631290436684 0.25264204889018493
0.2679823977806754 0.25974490165455894 0.26863240208968864 0.26094955474376086 0.2760374480782056 0.27064541725647784 0.255675281035824 0.24781748716420654 0.26024631290436684 0.25264204889018493 0.2468956150071253 0.059159230606733774 0.14292941635867362 0.23123957150912197 0.22200205666661532
0.2468956150071253 0.059159230606733774 0.14292941635867362 0.23123957150912197 0.22200205666661532 0.2448698419941308 0.26560475024114544 0.2666140973220505 0.27474923646285837 0.263758672883797 0.2700013440900805 0.2667936170865728 0.2520912913190202 0.2750286451879552 0.26984308147075126
0.2448698419941308 0.26560475024114544 0.2666140973220505 0.27474923646285837 0.263758672883797 0.2700013440900805 0.2667936170865728 0.2520912913190202 0.2750286451879552 0.26984308147075126 0.25812520328418365 0.2661731225623115 0.24439222038056235 0.260279848741583 0.26677550361908964
0.2700013440900805 0.2667936170865728 0.2520912913190202 0.2750286451879552 0.26984308147075126 0.25812520328418365 0.2661731225623115 0.24439222038056235 0.260279848741583 0.26677550361908964 0.24697981787608858 0.2548940393645186 0.25238568687857493 0.24292544321343695 0.23541183049994918
0.25812520328418365 0.2661731225623115 0.24439222038056235 0.260279848741583 0.26677550361908964 0.24697981787608858 0.2548940393645186 0.25238568687857493 0.24292544321343695 0.23541183049994918 0.2529005260856587 0.23829996690432426 0.23951702911007783 0.23412877921430925 0.23718598823279105
0.24697981787608858 0.2548940393645186 0.25238568687857493 0.24292544321343695 0.23541183049994918 0.2529005260856587 0.23829996690432426 0.23951702911007783 0.23412877921430925 0.23718598823279105 0.23637538260795887 0.24398728607423364 0.2506750858760123 0.2504194328218582 0.23019133826659505
0.2529005260856587 0.23829996690432426 0.23951702911007783 0.23412877921430925 0.23718598823279105 0.23637538260795887 0.24398728607423364 0.2506750858760123 0.2504194328218582 0.23019133826659505 0.25053562703518517 0.24162019035119736 0.23188379456288577 0.2441862135580415 0.2509918106050613
0.23637538260795887 0.24398728607423364 0.2506750858760123 0.2504194328218582 0.23019133826659505 0.25053562703518517 0.24162019035119736 0.23188379456288577 0.2441862135580415 0.2509918106050613 0.24769543975039854 0.23795533067078667 0.24816419583225868 0.260385645073412 0.2583401915656176
0.25053562703518517 0.24162019035119736 0.23188379456288577 0.2441862135580415 0.2509918106050613 0.24769543975039854 0.23795533067078667 0.24816419583225868 0.260385645073412 0.2583401915656176 0.24985298205989842 0.2611015602016891 0.23017444823180178 0.23679876157343557 0.24840038054496755
0.24985298205989842 0.2611015602016891 0.23017444823180178 0.23679876157343557 0.24840038054496755 0.24311221224740565 0.27174225492879966 0.25668269007415745 0.2562182488180544 0.24971907892455641 0.24864101429263252 0.24860336928078086 0.25567936090580257 0.2588368189100726 0.24840754725441527
0.24311221224740565 0.27174225492879966 0.25668269007415745 0.2562182488180544 0.24971907892455641 0.24864101429263252 0.24860336928078086 0.25567936090580257 0.2588368189100726 0.24840754725441527 0.2512187120776578 0.26152511501432296 0.15337422285208868 0.050694618414709236 0.10656577830302179
0.2512187120776578 0.26152511501432296 0.15337422285208868 0.050694618414709236 0.10656577830302179 0.20944837377933045 0.22999183461005018 0.24546141940119282 0.24151339593189347 0.23829626060655384 0.24792685889257832 0.27068712058468647 0.25835896924071494 0.26250288327120896 0.27516877581105204
0.20944837377933045 0.22999183461005018 0.24546141940119282 0.24151339593189347 0.23829626060655384 0.24792685889257832 0.27068712058468647 0.25835896924071494 0.26250288327120896 0.27516877581105204 0.267987990435555 0.2740814192799471 0.27443251514893624 0.2731488147966472 0.26310621998033923
0.24792685889257832 0.27068712058468647 0.25835896924071494 0.26250288327120896 0.27516877581105204 0.267987990435555 0.2740814192799471 0.27443251514893624 0.2731488147966472 0.26310621998033923 0.2576972709090867 0.26824666357966165 0.2758236826447896 0.2524047787350817 0.23060179249945015
0.267987990435555 0.2740814192799471 0.27443251514893624 0.2731488147966472 0.26310621998033923 0.2576972709090867 0.26824666357966165 0.2758236826447896 0.2524047787350817 0.23060179249945015 0.23739165651059804 0.2432872945299349 0.23029470507958788 0.2352600092555797 0.23982497095620364
0.2576972709090867 0.26824666357966165 0.2758236826447896 0.2524047787350817 0.23060179249945015 0.23739165651059804 0.2432872945299349 0.23029470507958788 0.2352600092555797 0.23982497095620364 0.24206979915134202 0.23458262998409868 0.23181782288315955 0.22733508549720444 0.22943840207259314
0.23739165651059804 0.2432872945299349 0.23029470507958788 0.2352600092555797 0.23982497095620364 0.24206979915134202 0.23458262998409868 0.23181782288315955 0.22733508549720444 0.22943840207259314 0.2273277694006062 0.23786557602540848 0.2503019291462739 0.2395769516775934 0.23930627890054618
0.24206979915134202 0.23458262998409868 0.23181782288315955 0.22733508549720444 0.22943840207259314 0.2273277694006062 0.23786557602540848 0.2503019291462739 0.2395769516775934 0.23930627890054618 0.24707560710399704 0.2603500371001298 0.25195788624352017 0.2555005649556532 0.27370685213289847
0.2273277694006062 0.23786557602540848 0.2503019291462739 0.2395769516775934 0.23930627890054618 0.24707560710399704 0.2603500371001298 0.25195788624352017 0.2555005649556532 0.27370685213289847 0.2532793747297765 0.2625497703374997 0.2506554893256071 0.25895742982598013 0.2629766784066883
0.24707560710399704 0.2603500371001298 0.25195788624352017 0.2555005649556532 0.27370685213289847 0.2532793747297765 0.2625497703374997 0.2506554893256071 0.25895742982598013 0.2629766784066883 0.2693536144904176 0.265252537228654 0.2584974849363574 0.2649718328315085 0.26621641164742504
0.2532793747297765 0.2625497703374997 0.2506554893256071 0.25895742982598013 0.2629766784066883 0.2693536144904176 0.265252537228654 0.2584974849363574 0.2649718328315085 0.26621641164742504 0.252013310540296 0.2599503251303067 0.2633641127019902 0.2395420078818662 0.2534295517663551
0.2693536144904176 0.265252537228654 0.2584974849363574 0.2649718328315085 0.26621641164742504 0.252013310540296 0.2599503251303067 0.2633641127019902 0.2395420078818662 0.2534295517663551 0.23868429576800493 0.2337595646140149 0.23385637283311161 0.23462728515199388 0.24975216174028
0.252013310540296 0.2599503251303067 0.2633641127019902 0.2395420078818662 0.2534295517663551 0.23868429576800493 0.2337595646140149 0.23385637283311161 0.23462728515199388 0.24975216174028 0.22302402601552718 0.23164309785466577 0.24120262208927323 0.24354977421879176 0.2402497390793421
0.23868429576800493 0.2337595646140149 0.23385637283311161 0.23462728515199388 0.24975216174028 0.22302402601552718 0.23164309785466577 0.24120262208927323 0.24354977421879176 0.2402497390793421 0.253538455140799 0.253538455140799 0.250619094577478 0.2375517763955304 0.2396305517505467
0.22302402601552718 0.23164309785466577 0.24120262208927323 0.24354977421879176 0.2402497390793421 0.253538455140799 0.253538455140799 0.250619094577478 0.2375517763955304 0.2396305517505467 0.241163729061804 0.23561237449112268 0.24554720120179743 0.23561357097332272 0.23537560343649766
0.253538455140799 0.253538455140799 0.250619094577478 0.2375517763955304 0.2396305517505467 0.241163729061804 0.23561237449112268 0.24554720120179743 0.23561357097332272 0.23537560343649766 0.22976806125544502 0.22968667587520597 0.22956274788112976 0.22844439046740883 0.2331894124724727
0.241163729061804 0.23561237449112268 0.24554720120179743 0.23561357097332272 0.23537560343649766 0.22976806125544502 0.22968667587520597 0.22956274788112976 0.22844439046740883 0.2331894124724727 0.24118663808321716 0.24097944366478685 0.23770261359502198 0.22741011901345237 0.2504078902992764
0.22976806125544502 0.22968667587520597 0.22956274788112976 0.22844439046740883 0.2331894124724727 0.24118663808321716 0.24097944366478685 0.23770261359502198 0.22741011901345237 0.2504078902992764 0.26088870829852473 0.2484222796082306 0.24234345668492357 0.24540776180830054 0.24580639267153215
0.24118663808321716 0.24097944366478685 0.23770261359502198 0.22741011901345237 0.2504078902992764 0.26088870829852473 0.2484222796082306 0.24234345668492357 0.24540776180830054 0.24580639267153215 0.23647345393335262 0.2405062823759232 0.2303684364544034 0.2378122596130301 0.22696263491522506
0.26088870829852473 0.2484222796082306 0.24234345668492357 0.24540776180830054 0.24580639267153215 0.23647345393335262 0.2405062823759232 0.2303684364544034 0.2378122596130301 0.22696263491522506 0.22560411022797236 0.23288357043263336 0.22897226723018596 0.23288357043263336 0.22087487860775795
0.23647345393335262 0.2405062823759232 0.2303684364544034 0.2378122596130301 0.22696263491522506 0.22560411022797236 0.23288357043263336 0.22897226723018596 0.23288357043263336 0.22087487860775795 0.22509736511502593 0.2280222132220871 0.22268090584007194 0.21247479647996026 0.23059263807930086
0.22560411022797236 0.23288357043263336 0.22897226723018596 0.23288357043263336 0.22087487860775795 0.22509736511502593 0.2280222132220871 0.22268090584007194 0.21247479647996026 0.23059263807930086 0.22724704805555201 0.23100747696073268 0.23984935982520683 0.23724157710019766 0.2380772361690569
0.22509736511502593 0.2280222132220871 0.22268090584007194 0.21247479647996026 0.23059263807930086 0.22724704805555201 0.23100747696073268 0.23984935982520683 0.23724157710019766 0.2380772361690569 0.23037762603024314 0.227145986154563 0.24829179835196868 0.24347015094310068 0.24122478650571555
0.22724704805555201 0.23100747696073268 0.23984935982520683 0.23724157710019766 0.2380772361690569 0.23037762603024314 0.227145986154563 0.24829179835196868 0.24347015094310068 0.24122478650571555 0.24008676901362813 0.24698699831523951 0.23677507195585595 0.24625957927555192 0.23760415442254057
0.23037762603024314 0.227145986154563 0.24829179835196868 0.24347015094310068 0.24122478650571555 0.24008676901362813 0.24698699831523951 0.23677507195585595 0.24625957927555192 0.23760415442254057 0.2363628483053858 0.22254020120073298 0.21744172330664135 0.21788785359107424 0.21796459136278704
0.2363628483053858 0.22254020120073298 0.21744172330664135 0.21788785359107424 0.21796459136278704 0.2386348682052622 0.23697053184509081 0.23891779362180823 0.23798854521144505 0.23962705767839262 0.23516517299963524 0.2442951329219969 0.2405455541207524 0.23059517231103288 0.23949852122317
0.2386348682052622 0.23697053184509081 0.23891779362180823 0.23798854521144505 0.23962705767839262 0.23516517299963524 0.2442951329219969 0.2405455541207524 0.23059517231103288 0.23949852122317 0.22896751983795577 0.23479596290560378 0.24296313229605374 0.22076385914542002 0.21743658855462555
0.23516517299963524 0.2442951329219969 0.2405455541207524 0.23059517231103288 0.23949852122317 0.22896751983795577 0.23479596290560378 0.24296313229605374 0.22076385914542002 0.21743658855462555 0.21729087313743595 0.22320424989757348 0.22633168210091686 0.22962733492473442 0.23292722958661416
0.22896751983795577 0.23479596290560378 0.24296313229605374 0.22076385914542002 0.21743658855462555 0.21729087313743595 0.22320424989757348 0.22633168210091686 0.22962733492473442 0.23292722958661416 0.23814129603410153 0.22434525922308862 0.2239307568397812 0.22741205919493698 0.22499503203599466
0.21729087313743595 0.22320424989757348 0.22633168210091686 0.22962733492473442 0.23292722958661416 0.23814129603410153 0.22434525922308862 0.2239307568397812 0.22741205919493698 0.22499503203599466 0.22903423585991778 0.21731764650118213 0.21458310362394406 0.23346619422031512 0.23288600989648933
0.22903423585991778 0.21731764650118213 0.21458310362394406 0.23346619422031512 0.23288600989648933 0.23068239144393246 0.22041526654268984 0.23214355835456513 0.2235356276179073 0.22131550635952074 0.2320071944591488 0.2395545586741855 0.2514572051349108 0.24149524865236205 0.2356690901820295
0.23068239144393246 0.22041526654268984 0.23214355835456513 0.2235356276179073 0.22131550635952074 0.2320071944591488 0.2395545586741855 0.2514572051349108 0.24149524865236205 0.2356690901820295 0.23831343495663576 0.22683875655661068 0.229998124031226 0.24263640367127282 0.23655193301505953
0.2320071944591488 0.2395545586741855 0.2514572051349108 0.24149524865236205 0.2356690901820295 0.23831343495663576 0.22683875655661068 0.229998124031226 0.24263640367127282 0.23655193301505953 0.05533239240563971 0.07856972478388907 0.17483082597805 0.19970820329744243 0.2067680680792745
0.23831343495663576 0.22683875655661068 0.229998124031226 0.24263640367127282 0.23655193301505953 0.05533239240563971 0.07856972478388907 0.17483082597805 0.19970820329744243 0.2067680680792745 0.21073090875978873 0.23051375493882412 0.2304900780534519 0.22854133756800804 0.2257672158424336
0.05533239240563971 0.07856972478388907 0.17483082597805 0.19970820329744243 0.2067680680792745 0.21073090875978873 0.23051375493882412 0.2304900780534519 0.22854133756800804 0.2257672158424336 0.23822588069848072 0.23957321774464505 0.23431740484529112 0.22868001435478155 0.22489646323611934
0.21073090875978873 0.23051375493882412 0.2304900780534519 0.22854133756800804 0.2257672158424336 0.23822588069848072 0.23957321774464505 0.23431740484529112 0.22868001435478155 0.22489646323611934 0.22990645445333058 0.25358882193127763 0.24018512486737578 0.25772042183761146 0.2491301958572456
0.23822588069848072 0.23957321774464505 0.23431740484529112 0.22868001435478155 0.22489646323611934 0.22990645445333058 0.25358882193127763 0.24018512486737578 0.25772042183761146 0.2491301958572456 0.2440842590894569 0.24520803510290012 0.23376405643578682 0.24169136902546023 0.2387194782944238
0.22990645445333058 0.25358882193127763 0.24018512486737578 0.25772042183761146 0.2491301958572456 0.2440842590894569 0.24520803510290012 0.23376405643578682 0.24169136902546023 0.2387194782944238 0.23783153116119748 0.21309328961735752 0.22959822411585437 0.2202060045808843 0.22670845851333946
0.2440842590894569 0.24520803510290012 0.23376405643578682 0.24169136902546023 0.2387194782944238 0.23783153116119748 0.21309328961735752 0.22959822411585437 0.2202060045808843 0.22670845851333946 0.1994765612606214 0.0595151570091466 0.19641283004098514 0.2184158410929965 0.24575740721261108
0.1994765612606214 0.0595151570091466 0.19641283004098514 0.2184158410929965 0.24575740721261108 0.23247362865010188 0.23324953445155247 0.23485974514484048 0.24537697287406943 0.24214095538732844 0.23416599621252665 0.24792496939266906 0.24903965008503143 0.22280877440650243 0.23037180407675373
0.23247362865010188 0.23324953445155247 0.23485974514484048 0.24537697287406943 0.24214095538732844 0.23416599621252665 0.24792496939266906 0.24903965008503143 0.22280877440650243 0.23037180407675373 0.23861799275355983 0.23411175976890167 0.2516191556715644 0.0739710683948829 0.16237029776665216
0.23861799275355983 0.23411175976890167 0.2516191556715644 0.0739710683948829 0.16237029776665216 0.22465780352819809 0.2368042318141183 0.231720780358828 0.2502232462425598 0.2561139103133356 0.2535482908097649 0.26709245733120857 0.27022282078081106 0.2790248626737907 0.27627255830286057
0.22465780352819809 0.2368042318141183 0.231720780358828 0.2502232462425598 0.2561139103133356 0.2535482908097649 0.26709245733120857 0.27022282078081106 0.2790248626737907 0.27627255830286057 0.27008889250109336 0.24182954817882607 0.2620113391954756 0.266476441776036 0.26181450339819323
0.2535482908097649 0.26709245733120857 0.27022282078081106 0.2790248626737907 0.27627255830286057 0.27008889250109336 0.24182954817882607 0.2620113391954756 0.266476441776036 0.26181450339819323 0.26455815622492185 0.26343937496683445 0.2695287048725063 0.26257598812243493 0.2721417503372878
0.27008889250109336 0.24182954817882607 0.2620113391954756 0.266476441776036 0.26181450339819323 0.26455815622492185 0.26343937496683445 0.2695287048725063 0.26257598812243493 0.2721417503372878 0.23170713791902864 0.23325383827257457 0.24127844107277563 0.22631840534308373 0.23034384585509693
0.26455815622492185 0.26343937496683445 0.2695287048725063 0.26257598812243493 0.2721417503372878 0.23170713791902864 0.23325383827257457 0.24127844107277563 0.22631840534308373 0.23034384585509693 0.243777579619526 0.23718928784907434 0.23704919752747272 0.23812787849724787 0.2226053062865775
0.23170713791902864 0.23325383827257457 0.24127844107277563 0.22631840534308373 0.23034384585509693 0.243777579619526 0.23718928784907434 0.23704919752747272 0.23812787849724787 0.2226053062865775 0.2425340097044195 0.2456661453795597 0.2243449895609249 0.23004090707116373 0.2342553224641543
0.243777579619526 0.23718928784907434 0.23704919752747272 0.23812787849724787 0.2226053062865775 0.2425340097044195 0.2456661453795597 0.2243449895609249 0.23004090707116373 0.2342553224641543 0.23995314168252455 0.24228518516505307 0.23503752910684916 0.2225179657902361 0.0636696410443392
0.2425340097044195 0.2456661453795597 0.2243449895609249 0.23004090707116373 0.2342553224641543 0.23995314168252455 0.24228518516505307 0.23503752910684916 0.2225179657902361 0.0636696410443392 0.11906124497983883 0.1930119443959113 0.20828977615724856 0.20661287065533818 0.20704802882900425
0.23995314168252455 0.24228518516505307 0.23503752910684916 0.2225179657902361 0.0636696410443392 0.11906124497983883 0.1930119443959113 0.20828977615724856 0.20661287065533818 0.20704802882900425 0.20934545728766318 0.2087175545447344 0.22590722837665878 0.23291388647175781 0.24420247210791624
0.11906124497983883 0.1930119443959113 0.20828977615724856 0.20661287065533818 0.20704802882900425 0.20934545728766318 0.2087175545447344 0.22590722837665878 0.23291388647175781 0.24420247210791624 0.2378548085417429 0.23949461260929583 0.2253697221111546 0.2274177067869193 0.07293188991359796
0.20934545728766318 0.2087175545447344 0.22590722837665878 0.23291388647175781 0.24420247210791624 0.2378548085417429 0.23949461260929583 0.2253697221111546 0.2274177067869193 0.07293188991359796 0.17011321418706832 0.20640690008567614 0.23111621815505246 0.2271696917162772 0.25306213248509835
0.2378548085417429 0.23949461260929583 0.2253697221111546 0.2274177067869193 0.07293188991359796 0.17011321418706832 0.20640690008567614 0.23111621815505246 0.2271696917162772 0.25306213248509835 0.2638658126774566 0.21387108276313038 0.2189728685406644 0.21341004478385503 0.2068464158050255
0.17011321418706832 0.20640690008567614 0.23111621815505246 0.2271696917162772 0.25306213248509835 0.2638658126774566 0.21387108276313038 0.2189728685406644 0.21341004478385503 0.2068464158050255 0.21910363696109453 0.2010615348439478 0.2086621438538407 0.21522204670453565 0.2178888454741359
0.2638658126774566 0.21387108276313038 0.2189728685406644 0.21341004478385503 0.2068464158050255 0.21910363696109453 0.2010615348439478 0.2086621438538407 0.21522204670453565 0.2178888454741359 0.23008569689295705 0.23431120717223525 0.237208514580514 0.2436509885570486 0.08045015466391947
0.21910363696109453 0.2010615348439478 0.2086621438538407 0.21522204670453565 0.2178888454741359 0.23008569689295705 0.23431120717223525 0.237208514580514 0.2436509885570486 0.08045015466391947 0.09373697901999672 0.1850843118785987 0.20638362321805034 0.21587658379952546 0.22804456030728332
0.23008569689295705 0.23431120717223525 0.237208514580514 0.2436509885570486 0.08045015466391947 0.09373697901999672 0.1850843118785987 0.20638362321805034 0.21587658379952546 0.22804456030728332 0.22727870942173886 0.23614812562457482 0.2459420869847281 0.22462474634082616 0.2214214258208944
0.09373697901999672 0.1850843118785987 0.20638362321805034 0.21587658379952546 0.22804456030728332 0.22727870942173886 0.23614812562457482 0.2459420869847281 0.22462474634082616 0.2214214258208944 0.2242500526435017 0.20903392182718272 0.21958734483930864 0.21010243918598726 0.21469487339882817
0.22727870942173886 0.23614812562457482 0.2459420869847281 0.22462474634082616 0.2214214258208944 0.2242500526435017 0.20903392182718272 0.21958734483930864 0.21010243918598726 0.21469487339882817 0.2204499854845327 0.20913537483324768 0.21176185764890543 0.2196345885357569 0.23313217793928503
0.2242500526435017 0.20903392182718272 0.21958734483930864 0.21010243918598726 0.21469487339882817 0.2204499854845327 0.20913537483324768 0.21176185764890543 0.2196345885357569 0.23313217793928503 0.2269593690056028 0.21962049815746076 0.22517801799796466 0.23138948461486514 0.2474282130131808
0.2204499854845327 0.20913537483324768 0.21176185764890543 0.2196345885357569 0.23313217793928503 0.2269593690056028 0.21962049815746076 0.22517801799796466 0.23138948461486514 0.2474282130131808 0.2595247641908595 0.2631028096287994 0.2698972251999563 0.27284158762419214 0.2591792718395916
0.2269593690056028 0.21962049815746076 0.22517801799796466 0.23138948461486514 0.2474282130131808 0.2595247641908595 0.2631028096287994 0.2698972251999563 0.27284158762419214 0.2591792718395916 0.2653058309164836 0.27664565908445116 0.257294566287666 0.21622458286432322 0.2295226538468146
0.2653058309164836 0.27664565908445116 0.257294566287666 0.21622458286432322 0.2295226538468146 0.24655443372092448 0.25531620914573183 0.26325587417824503 0.2544925350597121 0.25530964113186694 0.25461677904970315 0.2477456023661351 0.24290331916278812 0.24084817712440115 0.22462668894579466
0.24655443372092448 0.25531620914573183 0.26325587417824503 0.2544925350597121 0.25530964113186694 0.25461677904970315 0.2477456023661351 0.24290331916278812 0.24084817712440115 0.22462668894579466 0.2438201726853948 0.2275040661692793 0.22078089174593685 0.24405126249861975 0.23932128297813376
0.25461677904970315 0.2477456023661351 0.24290331916278812 0.24084817712440115 0.22462668894579466 0.2438201726853948 0.2275040661692793 0.22078089174593685 0.24405126249861975 0.23932128297813376 0.2373674114217577 0.23038198056464937 0.23294143825147268 0.2303528024187873 0.24307672330336677
0.2438201726853948 0.2275040661692793 0.22078089174593685 0.24405126249861975 0.23932128297813376 0.2373674114217577 0.23038198056464937 0.23294143825147268 0.2303528024187873 0.24307672330336677 0.23080674342982174 0.22945728719087294 0.2393523228432276 0.24455554721588732 0.22793208788930533
0.2373674114217577 0.23038198056464937 0.23294143825147268 0.2303528024187873 0.24307672330336677 0.23080674342982174 0.22945728719087294 0.2393523228432276 0.24455554721588732 0.22793208788930533 0.22381350474890077 0.23005290377484117 0.22116699073596294 0.2169339598879675 0.2164684633635961
0.23080674342982174 0.22945728719087294 0.2393523228432276 0.24455554721588732 0.22793208788930533 0.22381350474890077 0.23005290377484117 0.22116699073596294 0.2169339598879675 0.2164684633635961 0.22613895737061634 0.22097721116003258 0.2103102273832675 0.20584062140656895 0.21506825117046924
0.22381350474890077 0.23005290377484117 0.22116699073596294 0.2169339598879675 0.2164684633635961 0.22613895737061634 0.22097721116003258 0.2103102273832675 0.20584062140656895 0.21506825117046924 0.22286787232743713 0.2214814721625435 0.2016110071258616 0.05331250986345766 0.051748557093969805
0.22286787232743713 0.2214814721625435 0.2016110071258616 0.05331250986345766 0.051748557093969805 0.16036642723934547 0.18663191524646772 0.20420257994914326 0.21264425455396097 0.21836732398819247 0.20838009395142165 0.216872705883898 0.23810608918654863 0.23425661379952417 0.21754778915361384
0.16036642723934547 0.18663191524646772 0.20420257994914326 0.21264425455396097 0.21836732398819247 0.20838009395142165 0.216872705883898 0.23810608918654863 0.23425661379952417 0.21754778915361384 0.2273047148269705 0.21671091913575508 0.21753049020484866 0.2141488314240796 0.22693862117437444
0.20838009395142165 0.216872705883898 0.23810608918654863 0.23425661379952417 0.21754778915361384 0.2273047148269705 0.21671091913575508 0.21753049020484866 0.2141488314240796 0.22693862117437444 0.22860903977672048 0.2118426250972839 0.21811997082594914 0.23269294094195186 0.2340437153220709
0.2273047148269705 0.21671091913575508 0.21753049020484866 0.2141488314240796 0.22693862117437444 0.22860903977672048 0.2118426250972839 0.21811997082594914 0.23269294094195186 0.2340437153220709 0.22887858193613597 0.2102632436708676 0.20649603816046747 0.21202403355661392 0.22197841735898058
0.22887858193613597 0.2102632436708676 0.20649603816046747 0.21202403355661392 0.22197841735898058 0.2151061204656572 0.21202548849048192 0.23020213486307642 0.23418686066253813 0.22872634931738456 0.2301449008495442 0.2346462618420634 0.22986195384056354 0.23477198375194905 0.23642352967139302
0.2151061204656572 0.21202548849048192 0.23020213486307642 0.23418686066253813 0.22872634931738456 0.2301449008495442 0.2346462618420634 0.22986195384056354 0.23477198375194905 0.23642352967139302 0.22278833311473512 0.21128999908302615 0.22465371602604942 0.21855257241587928 0.2296836991869822
0.2301449008495442 0.2346462618420634 0.22986195384056354 0.23477198375194905 0.23642352967139302 0.22278833311473512 0.21128999908302615 0.22465371602604942 0.21855257241587928 0.2296836991869822 0.23015990982503445 0.20880785699589222 0.21671021414227432 0.22159615553444623 0.22014071709077943
0.22278833311473512 0.21128999908302615 0.22465371602604942 0.21855257241587928 0.2296836991869822 0.23015990982503445 0.20880785699589222 0.21671021414227432 0.22159615553444623 0.22014071709077943 0.22766384248574137 0.2316498334880462 0.21841977926428713 0.21805418155634954 0.21697406317165052
0.23015990982503445 0.20880785699589222 0.21671021414227432 0.22159615553444623 0.22014071709077943 0.22766384248574137 0.2316498334880462 0.21841977926428713 0.21805418155634954 0.21697406317165052 0.21115961320734822 0.21356848723894797 0.19801521316257636 0.20421289544371574 0.20900975276448322
0.22766384248574137 0.2316498334880462 0.21841977926428713 0.21805418155634954 0.21697406317165052 0.21115961320734822 0.21356848723894797 0.19801521316257636 0.20421289544371574 0.20900975276448322 0.21541335781467497 0.19916596844860762 0.2200094841358875 0.20814159427293766 0.20422091140662668
0.21115961320734822 0.21356848723894797 0.19801521316257636 0.20421289544371574 0.20900975276448322 0.21541335781467497 0.19916596844860762 0.2200094841358875 0.20814159427293766 0.20422091140662668 0.202951217081182 0.2155923063077469 0.2048510499959706 0.21243229272226516 0.22359010353861208
0.21541335781467497 0.19916596844860762 0.2200094841358875 0.20814159427293766 0.20422091140662668 0.202951217081182 0.2155923063077469 0.2048510499959706 0.21243229272226516 0.22359010353861208 0.2157687340411628 0.21313109499543392 0.21615458058727377 0.21950848467331344 0.2103582140325828
0.202951217081182 0.2155923063077469 0.2048510499959706 0.21243229272226516 0.22359010353861208 0.2157687340411628 0.21313109499543392 0.21615458058727377 0.21950848467331344 0.2103582140325828 0.20463785669336543 0.19956793276265777 0.205961298193298 0.19760257722434232 0.20388703215319565
0.20463785669336543 0.19956793276265777 0.205961298193298 0.19760257722434232 0.20388703215319565 0.2097892253275409 0.22360073298476224 0.21053812546765288 0.2218524469267566 0.2227469503113684 0.05644481534552756 0.043991008098488785 0.14081160903202555 0.18637370445534138 0.20263229181670206
0.2097892253275409 0.22360073298476224 0.21053812546765288 0.2218524469267566 0.2227469503113684 0.05644481534552756 0.043991008098488785 0.14081160903202555 0.18637370445534138 0.20263229181670206 0.21104625442071817 0.21112101649613563 0.21660882057229897 0.21849959073647363 0.2340963926985341
0.05644481534552756 0.043991008098488785 0.14081160903202555 0.18637370445534138 0.20263229181670206 0.21104625442071817 0.21112101649613563 0.21660882057229897 0.21849959073647363 0.2340963926985341 0.22815132506812105 0.21724878500921285 0.19992613776783502 0.20559921019680483 0.2114248927002102
0.21104625442071817 0.21112101649613563 0.21660882057229897 0.21849959073647363 0.2340963926985341 0.22815132506812105 0.21724878500921285 0.19992613776783502 0.20559921019680483 0.2114248927002102 0.19551713313564917 0.2013434927193755 0.22225871689696047 0.23321874751207913 0.222542094180603
0.22815132506812105 0.21724878500921285 0.19992613776783502 0.20559921019680483 0.2114248927002102 0.19551713313564917 0.2013434927193755 0.22225871689696047 0.23321874751207913 0.222542094180603 0.2297593122314283 0.22179142547422256 0.22678115606151175 0.22730366086274223 0.040153099168042244
0.19551713313564917 0.2013434927193755 0.22225871689696047 0.23321874751207913 0.222542094180603 0.2297593122314283 0.22179142547422256 0.22678115606151175 0.22730366086274223 0.040153099168042244 0.03631422402681056 0.0660011878392807 0.12158722722836474 0.16848099379243145 0.15736193745693688
0.2297593122314283 0.22179142547422256 0.22678115606151175 0.22730366086274223 0.040153099168042244 0.03631422402681056 0.0660011878392807 0.12158722722836474 0.16848099379243145 0.15736193745693688 0.18962752047744752 0.20092275897841844 0.1725786581860747 0.20671594806767996 0.20438695926962175
0.03631422402681056 0.0660011878392807 0.12158722722836474 0.16848099379243145 0.15736193745693688 0.18962752047744752 0.20092275897841844 0.1725786581860747 0.20671594806767996 0.20438695926962175 0.21314268577023837 0.18696509437064626 0.2262885157449644 0.21293548864536904 0.2134317438443937
0.18962752047744752 0.20092275897841844 0.1725786581860747 0.20671594806767996 0.20438695926962175 0.21314268577023837 0.18696509437064626 0.2262885157449644 0.21293548864536904 0.2134317438443937 0.22247044391771698 0.2170549491367713 0.22500995402705468 0.22661224343588834 0.22419237949717705
0.21314268577023837 0.18696509437064626 0.2262885157449644 0.21293548864536904 0.2134317438443937 0.22247044391771698 0.2170549491367713 0.22500995402705468 0.22661224343588834 0.22419237949717705 0.21908474039552422 0.20706882828825204 0.21280508629836564 0.21804245240195094 0.20528152914244888
0.22247044391771698 0.2170549491367713 0.22500995402705468 0.22661224343588834 0.22419237949717705 0.21908474039552422 0.20706882828825204 0.21280508629836564 0.21804245240195094 0.20528152914244888 0.22579952395316755 0.2183041384103194 0.21757886654196712 0.2028609905203997 0.20646377708502583
0.21908474039552422 0.20706882828825204 0.21280508629836564 0.21804245240195094 0.20528152914244888 0.22579952395316755 0.2183041384103194 0.21757886654196712 0.2028609905203997 0.20646377708502583 0.2080043847899914 0.2022492781493941 0.2041019183691986 0.1942334146006518 0.20241493753716558
0.2080043847899914 0.2022492781493941 0.2041019183691986 0.1942334146006518 0.20241493753716558 0.20591740260359453 0.2193803406774219 0.2220449788879173 0.22071066884391574 0.20613259592204253 0.21312820310393826 0.19344524359814927 0.20686980378661277 0.2115110344812197 0.20778620721925947
0.20591740260359453 0.2193803406774219 0.2220449788879173 0.22071066884391574 0.20613259592204253 0.21312820310393826 0.19344524359814927 0.20686980378661277 0.2115110344812197 0.20778620721925947 0.21029479710360544 0.21274525415993745 0.21328562228389236 0.22714040916230566 0.19887308737595788
0.21312820310393826 0.19344524359814927 0.20686980378661277 0.2115110344812197 0.20778620721925947 0.21029479710360544 0.21274525415993745 0.21328562228389236 0.22714040916230566 0.19887308737595788 0.21583902409261024 0.22367198161665294 0.19871550615333347 0.19940152977099154 0.20566073819079028
0.21029479710360544 0.21274525415993745 0.21328562228389236 0.22714040916230566 0.19887308737595788 0.21583902409261024 0.22367198161665294 0.19871550615333347 0.19940152977099154 0.20566073819079028 0.2076561732756841 0.19942205466461785 0.19735590293811803 0.19842882565608674 0.20976946771386992
0.21583902409261024 0.22367198161665294 0.19871550615333347 0.19940152977099154 0.20566073819079028 0.2076561732756841 0.19942205466461785 0.19735590293811803 0.19842882565608674 0.20976946771386992 0.2085486492076164 0.19924162840214527 0.1997916723656285 0.19380406827089636 0.19833626508198332
0.2076561732756841 0.19942205466461785 0.19735590293811803 0.19842882565608674 0.20976946771386992 0.2085486492076164 0.19924162840214527 0.1997916723656285 0.19380406827089636 0.19833626508198332 0.21057477346623885 0.19341998236474434 0.2009753869440603 0.06581951603224456 0.06531323500823512
0.21057477346623885 0.19341998236474434 0.2009753869440603 0.06581951603224456 0.06531323500823512 0.13469941136181274 0.1646839157869865 0.18823613899462854 0.20353280022473452 0.19641123366980612 0.19216299935544995 0.20420950642424027 0.18649410846521086 0.203567321984584 0.18942465537158687
0.13469941136181274 0.1646839157869865 0.18823613899462854 0.20353280022473452 0.19641123366980612 0.19216299935544995 0.20420950642424027 0.18649410846521086 0.203567321984584 0.18942465537158687 0.19721134843226257 0.19336841434056146 0.20622375173086593 0.19843409929240247 0.191066825421433
0.19216299935544995 0.20420950642424027 0.18649410846521086 0.203567321984584 0.18942465537158687 0.19721134843226257 0.19336841434056146 0.20622375173086593 0.19843409929240247 0.191066825421433 0.1984821323000665 0.18986080957731077 0.18335620224783006 0.187842564490435 0.19472548769144332
0.1984821323000665 0.18986080957731077 0.18335620224783006 0.187842564490435 0.19472548769144332 0.19189340886084072 0.19351989502980416 0.20186273002136093 0.18863107669635654 0.19586728616491778 0.19586200722083344 0.2070387714533829 0.20465761634836427 0.19966510618195685 0.2035166417176954
0.19189340886084072 0.19351989502980416 0.20186273002136093 0.18863107669635654 0.19586728616491778 0.19586200722083344 0.2070387714533829 0.20465761634836427 0.19966510618195685 0.2035166417176954 0.22131034084375392 0.21283745980335267 0.2190440224364874 0.2184770247140274 0.2003410193488182
0.19586200722083344 0.2070387714533829 0.20465761634836427 0.19966510618195685 0.2035166417176954 0.22131034084375392 0.21283745980335267 0.2190440224364874 0.2184770247140274 0.2003410193488182 0.19319130878132235 0.2066902774060811 0.19188463225056634 0.19195657732610483 0.19592237487886424
0.22131034084375392 0.21283745980335267 0.2190440224364874 0.2184770247140274 0.2003410193488182 0.19319130878132235 0.2066902774060811 0.19188463225056634 0.19195657732610483 0.19592237487886424 0.19351828616897154 0.18793219071891892 0.1647689428572492 0.18709952811878122 0.19054450690481253
0.19319130878132235 0.2066902774060811 0.19188463225056634 0.19195657732610483 0.19592237487886424 0.19351828616897154 0.18793219071891892 0.1647689428572492 0.18709952811878122 0.19054450690481253 0.19442660618716978 0.18649010669792027 0.19243294625699228 0.1867166373157071 0.19608205789518096
0.19351828616897154 0.18793219071891892 0.1647689428572492 0.18709952811878122 0.19054450690481253 0.19442660618716978 0.18649010669792027 0.19243294625699228 0.1867166373157071 0.19608205789518096 0.1930805984018653 0.1827109915476132 0.17174062536626047 0.1624057847942652 0.17718925542983882
0.19442660618716978 0.18649010669792027 0.19243294625699228 0.1867166373157071 0.19608205789518096 0.1930805984018653 0.1827109915476132 0.17174062536626047 0.1624057847942652 0.17718925542983882 0.16326385643312882 0.1815685877455716 0.18476924141691692 0.2056060097199161 0.19892631392804547
0.1930805984018653 0.1827109915476132 0.17174062536626047 0.1624057847942652 0.17718925542983882 0.16326385643312882 0.1815685877455716 0.18476924141691692 0.2056060097199161 0.19892631392804547 0.1759370069816203 0.19640551526795375 0.20329457838635479 0.19044650052467593 0.1718696378391217
0.16326385643312882 0.1815685877455716 0.18476924141691692 0.2056060097199161 0.19892631392804547 0.1759370069816203 0.19640551526795375 0.20329457838635479 0.19044650052467593 0.1718696378391217 0.1709562893345416 0.19217083092360637 0.19210548734125882 0.1809631932005355 0.20274907357351335
0.1759370069816203 0.19640551526795375 0.20329457838635479 0.19044650052467593 0.1718696378391217 0.1709562893345416 0.19217083092360637 0.19210548734125882 0.1809631932005355 0.20274907357351335 0.18825897171136624 0.1777070987865894 0.18325027599231258 0.18268786955702007 0.17869745391729303
0.1709562893345416 0.19217083092360637 0.19210548734125882 0.1809631932005355 0.20274907357351335 0.18825897171136624 0.1777070987865894 0.18325027599231258 0.18268786955702007 0.17869745391729303 0.17387055386392314 0.1977523371524485 0.20730894451891174 0.2022881418780595 0.2059758497811886
0.18825897171136624 0.1777070987865894 0.18325027599231258 0.18268786955702007 0.17869745391729303 0.17387055386392314 0.1977523371524485 0.20730894451891174 0.2022881418780595 0.2059758497811886 0.19636400948631438 0.1968272743613704 0.19951853722418278 0.19413633253481224 0.1875106604774659
0.17387055386392314 0.1977523371524485 0.20730894451891174 0.2022881418780595 0.2059758497811886 0.19636400948631438 0.1968272743613704 0.19951853722418278 0.19413633253481224 0.1875106604774659 0.17965195309603355 0.1755189510020104 0.19273088290081036 0.2005887745324378 0.2019876611739687
0.19636400948631438 0.1968272743613704 0.19951853722418278 0.19413633253481224 0.1875106604774659 0.17965195309603355 0.1755189510020104 0.19273088290081036 0.2005887745324378 0.2019876611739687 0.2147438390194972 0.19411712294117855 0.2031279187033532 0.19966030102003268 0.21029469759045621
0.17965195309603355 0.1755189510020104 0.19273088290081036 0.2005887745324378 0.2019876611739687 0.2147438390194972 0.19411712294117855 0.2031279187033532 0.19966030102003268 0.21029469759045621 0.21623882811839767 0.18929187419661478 0.18485053095438847 0.19684677750874013 0.16526794058012312
0.2147438390194972 0.19411712294117855 0.2031279187033532 0.19966030102003268 0.21029469759045621 0.21623882811839767 0.18929187419661478 0.18485053095438847 0.19684677750874013 0.16526794058012312 0.18004498958700435 0.1772363917673797 0.1872120252188522 0.18024094190866907 0.14469263709399394
0.21623882811839767 0.18929187419661478 0.18485053095438847 0.19684677750874013 0.16526794058012312 0.18004498958700435 0.1772363917673797 0.1872120252188522 0.18024094190866907 0.14469263709399394 0.05842507151794597 0.166955866292302 0.20622741996288962 0.22592059255266478 0.2173012416781634
0.18004498958700435 0.1772363917673797 0.1872120252188522 0.18024094190866907 0.14469263709399394 0.05842507151794597 0.166955866292302 0.20622741996288962 0.22592059255266478 0.2173012416781634 0.226274823993947 0.22626873507228107 0.2266010612776614 0.22655674969735273 0.22107059581269825
0.05842507151794597 0.166955866292302 0.20622741996288962 0.22592059255266478 0.2173012416781634 0.226274823993947 0.22626873507228107 0.2266010612776614 0.22655674969735273 0.22107059581269825 0.21434900949161462 0.22260829848780844 0.22436852355578868 0.22259056019020154 0.2163167804553309
0.226274823993947 0.22626873507228107 0.2266010612776614 0.22655674969735273 0.22107059581269825 0.21434900949161462 0.22260829848780844 0.22436852355578868 0.22259056019020154 0.2163167804553309 0.22303954319962452 0.21954877078529933 0.2100135476582275 0.0659803988186087 0.08153074636598008
0.22303954319962452 0.21954877078529933 0.2100135476582275 0.0659803988186087 0.08153074636598008 0.18806413873255 0.21477704963855382 0.21308319197501346 0.20120836055312163 0.22075420525877398 0.23029135901811681 0.21900464687403892 0.24249079488068956 0.22829744917862865 0.21883869384989224
0.18806413873255 0.21477704963855382 0.21308319197501346 0.20120836055312163 0.22075420525877398 0.23029135901811681 0.21900464687403892 0.24249079488068956 0.22829744917862865 0.21883869384989224 0.2248216241704531 0.23299666118757817 0.23000913274481766 0.2292436633492254 0.22939347740643495
0.23029135901811681 0.21900464687403892 0.24249079488068956 0.22829744917862865 0.21883869384989224 0.2248216241704531 0.23299666118757817 0.23000913274481766 0.2292436633492254 0.22939347740643495 0.24448147102477777 0.23710468057407624 0.054587726352477745 0.08092254504981385 0.20556861958500647
0.24448147102477777 0.23710468057407624 0.054587726352477745 0.08092254504981385 0.20556861958500647 0.24237697575473505 0.2552389785340271 0.269379763457676 0.2544318618009614 0.23898598868137017 0.2606084704811352 0.25399090213237396 0.22820489141871758 0.21700583616445238 0.2253737760965786
0.24237697575473505 0.2552389785340271 0.269379763457676 0.2544318618009614 0.23898598868137017 0.2606084704811352 0.25399090213237396 0.22820489141871758 0.21700583616445238 0.2253737760965786 0.21705455354869171 0.2287933189167785 0.23165777275444982 0.2096276229243842 0.22112601603353885
0.2606084704811352 0.25399090213237396 0.22820489141871758 0.21700583616445238 0.2253737760965786 0.21705455354869171 0.2287933189167785 0.23165777275444982 0.2096276229243842 0.22112601603353885 0.20923839123814553 0.2242936744892783 0.21753731817015298 0.20266279504524454 0.2133894518182261
0.21705455354869171 0.2287933189167785 0.23165777275444982 0.2096276229243842 0.22112601603353885 0.20923839123814553 0.2242936744892783 0.21753731817015298 0.20266279504524454 0.2133894518182261 0.21374493116651389 0.22728232122771683 0.21914199184024485 0.18249940307650775 0.051284851375536414
0.20923839123814553 0.2242936744892783 0.21753731817015298 0.20266279504524454 0.2133894518182261 0.21374493116651389 0.22728232122771683 0.21914199184024485 0.18249940307650775 0.051284851375536414 0.15181472851701433 0.19287305686219947 0.20579051058303305 0.22140146185367726 0.22810939104188485
0.21374493116651389 0.22728232122771683 0.21914199184024485 0.18249940307650775 0.051284851375536414 0.15181472851701433 0.19287305686219947 0.20579051058303305 0.22140146185367726 0.22810939104188485 0.2305789098754914 0.23566433025773914 0.23019467060461288 0.2360674848921666 0.24408304964358582
0.15181472851701433 0.19287305686219947 0.20579051058303305 0.22140146185367726 0.22810939104188485 0.2305789098754914 0.23566433025773914 0.23019467060461288 0.2360674848921666 0.24408304964358582 0.23432411655533575 0.23541649526215297 0.23462824708320057 0.22045506283069713 0.22724751025326756
0.2305789098754914 0.23566433025773914 0.23019467060461288 0.2360674848921666 0.24408304964358582 0.23432411655533575 0.23541649526215297 0.23462824708320057 0.22045506283069713 0.22724751025326756 0.21929526321418458 0.22337658589054074 0.21636155321589995 0.21725051989990118 0.21256669264164557
0.23432411655533575 0.23541649526215297 0.23462824708320057 0.22045506283069713 0.22724751025326756 0.21929526321418458 0.22337658589054074 0.21636155321589995 0.21725051989990118 0.21256669264164557 0.2091776930560498 0.2111040929080697 0.21156086109013303 0.20803638558575072 0.2007504612515816
0.2091776930560498 0.2111040929080697 0.21156086109013303 0.20803638558575072 0.2007504612515816 0.21399681571529316 0.23153441310551787 0.2223263318560601 0.21181645628760254 0.22336327713110238 0.2203085481803772 0.22334038019771202 0.22547654888601987 0.24168383950560068 0.2355150105587157
0.21399681571529316 0.23153441310551787 0.2223263318560601 0.21181645628760254 0.22336327713110238 0.2203085481803772 0.22334038019771202 0.22547654888601987 0.24168383950560068 0.2355150105587157 0.22586305191643025 0.22712169631545426 0.22948320409119172 0.22329451557422247 0.23520290536319804
0.2203085481803772 0.22334038019771202 0.22547654888601987 0.24168383950560068 0.2355150105587157 0.22586305191643025 0.22712169631545426 0.22948320409119172 0.22329451557422247 0.23520290536319804 0.23021466378871247 0.2469001157609192 0.22513053842454808 0.22815725909427229 0.22503238204445578
0.22586305191643025 0.22712169631545426 0.22948320409119172 0.22329451557422247 0.23520290536319804 0.23021466378871247 0.2469001157609192 0.22513053842454808 0.22815725909427229 0.22503238204445578 0.22863514254553896 0.21339287308821192 0.21128103057223446 0.21786457781385393 0.23775673372682168
0.22863514254553896 0.21339287308821192 0.21128103057223446 0.21786457781385393 0.23775673372682168 0.24354480309659385 0.2448563335855987 0.23710715420595796 0.23699695208201377 0.22519605555178973 0.2197802752041157 0.22741243292271096 0.21471670720731656 0.20774477257014948 0.2183183407573972
0.2197802752041157 0.22741243292271096 0.21471670720731656 0.20774477257014948 0.2183183407573972 0.2161103690590233 0.2373749870232706 0.22583469541176712 0.2201219540947392 0.22463791437707092 0.22665216141132144 0.22929942032559256 0.23656466465819614 0.23688738069117574 0.22131983181380804
0.2161103690590233 0.2373749870232706 0.22583469541176712 0.2201219540947392 0.22463791437707092 0.22665216141132144 0.22929942032559256 0.23656466465819614 0.23688738069117574 0.22131983181380804 0.22679815882451912 0.21650837876841383 0.22232210788831164 0.2196690633599624 0.20492846007936028
0.22665216141132144 0.22929942032559256 0.23656466465819614 0.23688738069117574 0.22131983181380804 0.22679815882451912 0.21650837876841383 0.22232210788831164 0.2196690633599624 0.20492846007936028 0.2057758820825773 0.21092054087513704 0.2137004088020088 0.21451965242827942 0.20986873276148071
0.22679815882451912 0.21650837876841383 0.22232210788831164 0.2196690633599624 0.20492846007936028 0.2057758820825773 0.21092054087513704 0.2137004088020088 0.21451965242827942 0.20986873276148071 0.21755409467073594 0.22560215997653993 0.22975151004020977 0.23765938323760677 0.22270611600044876
0.2057758820825773 0.21092054087513704 0.2137004088020088 0.21451965242827942 0.20986873276148071 0.21755409467073594 0.22560215997653993 0.22975151004020977 0.23765938323760677 0.22270611600044876 0.2325146012839182 0.22979820528372388 0.23221921554101388 0.22802263116924626 0.23104115575958842
0.21755409467073594 0.22560215997653993 0.22975151004020977 0.23765938323760677 0.22270611600044876 0.2325146012839182 0.22979820528372388 0.23221921554101388 0.22802263116924626 0.23104115575958842 0.24290114230352206 0.2406928815275105 0.24538063650793493 0.20920599229973974 0.1929534330172643
0.2325146012839182 0.22979820528372388 0.23221921554101388 0.22802263116924626 0.23104115575958842 0.24290114230352206 0.2406928815275105 0.24538063650793493 0.20920599229973974 0.1929534330172643 0.17812070255765006 0.18920601269416337 0.1928315468856802 0.2089585876017307 0.21639222320314594
0.24290114230352206 0.2406928815275105 0.24538063650793493 0.20920599229973974 0.1929534330172643 0.17812070255765006 0.18920601269416337 0.1928315468856802 0.2089585876017307 0.21639222320314594 0.22642298670451944 0.22863095448116538 0.24445566656669643 0.2471966199847954 0.2518789038059308
