0.12146263426444857 0.1321830642330065 0.13786225334728872 0.12259509269683613 0.12255595193380303
0.12146263426444857 0.1321830642330065 0.13786225334728872 0.12259509269683613 0.12255595193380303 0.11179956937943636 0.11602230618651739 0.11585859629631243 0.12734440767568697 0.10868782614274608
0.12146263426444857 0.1321830642330065 0.13786225334728872 0.12259509269683613 0.12255595193380303 0.11179956937943636 0.11602230618651739 0.11585859629631243 0.12734440767568697 0.10868782614274608 0.10954152187930243 0.11545448138899471 0.12078953147430449 0.1255992081348884 0.11637691643176544
0.11179956937943636 0.11602230618651739 0.11585859629631243 0.12734440767568697 0.10868782614274608 0.10954152187930243 0.11545448138899471 0.12078953147430449 0.1255992081348884 0.11637691643176544 0.11956749993312392 0.1296620470163445 0.14816170199092393 0.1577022314162707 0.14156091761941503
0.10954152187930243 0.11545448138899471 0.12078953147430449 0.1255992081348884 0.11637691643176544 0.11956749993312392 0.1296620470163445 0.14816170199092393 0.1577022314162707 0.14156091761941503 0.1249754925596773 0.11249832822086889 0.11544838397513706 0.11633056703353285 0.1266654860102992
0.1249754925596773 0.11249832822086889 0.11544838397513706 0.11633056703353285 0.1266654860102992 0.12535728627675793 0.1305236753377752 0.12621575745403557 0.14399182060368465 0.14390786471624717 0.1401995904010778 0.11494474218941671 0.13203426984321345 0.13698194692010388 0.12627881889971454
0.12535728627675793 0.1305236753377752 0.12621575745403557 0.14399182060368465 0.14390786471624717 0.1401995904010778 0.11494474218941671 0.13203426984321345 0.13698194692010388 0.12627881889971454 0.12017630692405318 0.12791456958041025 0.13266620438812987 0.1273635773978696 0.1300280730446439
0.1401995904010778 0.11494474218941671 0.13203426984321345 0.13698194692010388 0.12627881889971454 0.12017630692405318 0.12791456958041025 0.13266620438812987 0.1273635773978696 0.1300280730446439 0.1251736465367143 0.13327880039816187 0.12859252405245633 0.13269914062673677 0.1395741456250516
0.12017630692405318 0.12791456958041025 0.13266620438812987 0.1273635773978696 0.1300280730446439 0.1251736465367143 0.13327880039816187 0.12859252405245633 0.13269914062673677 0.1395741456250516 0.14554122844826473 0.12429695438732766 0.13071605998143132 0.1262593555244048 0.11532541156503276
0.1251736465367143 0.13327880039816187 0.12859252405245633 0.13269914062673677 0.1395741456250516 0.14554122844826473 0.12429695438732766 0.13071605998143132 0.1262593555244048 0.11532541156503276 0.11371885758236779 0.1093001093978217 0.11056475922051433 0.10910528241308964 0.12230278103524575
0.14554122844826473 0.12429695438732766 0.13071605998143132 0.1262593555244048 0.11532541156503276 0.11371885758236779 0.1093001093978217 0.11056475922051433 0.10910528241308964 0.12230278103524575 0.10870929527980791 0.1174624553760928 0.1311345192725758 0.11754245464981464 0.09317719705447564
0.11371885758236779 0.1093001093978217 0.11056475922051433 0.10910528241308964 0.12230278103524575 0.10870929527980791 0.1174624553760928 0.1311345192725758 0.11754245464981464 0.09317719705447564 0.10604791006800245 0.10327115424553643 0.09956626950083369 0.08573012660909173 0.09898990603702373
0.10870929527980791 0.1174624553760928 0.1311345192725758 0.11754245464981464 0.09317719705447564 0.10604791006800245 0.10327115424553643 0.09956626950083369 0.08573012660909173 0.09898990603702373 0.09253220739340214 0.08834860710123565 0.10513169966970912 0.10161771867446773 0.09797305699528791
0.10604791006800245 0.10327115424553643 0.09956626950083369 0.08573012660909173 0.09898990603702373 0.09253220739340214 0.08834860710123565 0.10513169966970912 0.10161771867446773 0.09797305699528791 0.0955322293538102 0.11139081908491472 0.09717964078987673 0.11429936849919828 0.08965423748389406
0.09253220739340214 0.08834860710123565 0.10513169966970912 0.10161771867446773 0.09797305699528791 0.0955322293538102 0.11139081908491472 0.09717964078987673 0.11429936849919828 0.08965423748389406 0.11572436593802604 0.10999177891374737 0.11631009289648225 0.10213230689237059 0.11884987333779215
0.0955322293538102 0.11139081908491472 0.09717964078987673 0.11429936849919828 0.08965423748389406 0.11572436593802604 0.10999177891374737 0.11631009289648225 0.10213230689237059 0.11884987333779215 0.10652083479417565 0.1111831546595115 0.10307305229206737 0.09535843425705258 0.08437571619808626
0.11572436593802604 0.10999177891374737 0.11631009289648225 0.10213230689237059 0.11884987333779215 0.10652083479417565 0.1111831546595115 0.10307305229206737 0.09535843425705258 0.08437571619808626 0.09753932167936608 0.08955245626737875 0.09842345396868747 0.10198751562704016 0.10485087122026338
0.10652083479417565 0.1111831546595115 0.10307305229206737 0.09535843425705258 0.08437571619808626 0.09753932167936608 0.08955245626737875 0.09842345396868747 0.10198751562704016 0.10485087122026338 0.09250429857689807 0.0855749518425356 0.10053598332266403 0.0799343213326813 0.07441394353079665
0.09753932167936608 0.08955245626737875 0.09842345396868747 0.10198751562704016 0.10485087122026338 0.09250429857689807 0.0855749518425356 0.10053598332266403 0.0799343213326813 0.07441394353079665 0.0801591955802122 0.08232350844026402 0.0755746034827944 0.08152962869931865 0.08464979519384408
0.09250429857689807 0.0855749518425356 0.10053598332266403 0.0799343213326813 0.07441394353079665 0.0801591955802122 0.08232350844026402 0.0755746034827944 0.08152962869931865 0.08464979519384408 0.10173075350344199 0.09308492645783747 0.10212251058263058 0.09040515527260354 0.09369739020166915
0.0801591955802122 0.08232350844026402 0.0755746034827944 0.08152962869931865 0.08464979519384408 0.10173075350344199 0.09308492645783747 0.10212251058263058 0.09040515527260354 0.09369739020166915 0.09561116737109016 0.11662642212956939 0.10841334696839883 0.1265558399013902 0.1023695753345652
0.10173075350344199 0.09308492645783747 0.10212251058263058 0.09040515527260354 0.09369739020166915 0.09561116737109016 0.11662642212956939 0.10841334696839883 0.1265558399013902 0.1023695753345652 0.10779611496291581 0.11437663066540804 0.10894345495738829 0.09358340644065472 0.1162365392464143
0.09561116737109016 0.11662642212956939 0.10841334696839883 0.1265558399013902 0.1023695753345652 0.10779611496291581 0.11437663066540804 0.10894345495738829 0.09358340644065472 0.1162365392464143 0.09181244889823677 0.08826008244041898 0.0859352314047909 0.06348609356327894 0.07460084300140127
0.10779611496291581 0.11437663066540804 0.10894345495738829 0.09358340644065472 0.1162365392464143 0.09181244889823677 0.08826008244041898 0.0859352314047909 0.06348609356327894 0.07460084300140127 0.07161432641731935 0.0720518834072942 0.08135157316659378 0.09643512881403456 0.07957082896620303
0.09181244889823677 0.08826008244041898 0.0859352314047909 0.06348609356327894 0.07460084300140127 0.07161432641731935 0.0720518834072942 0.08135157316659378 0.09643512881403456 0.07957082896620303 0.10424578138871245 0.08417836213056824 0.09827054854487736 0.09099063600291563 0.08676107458272865
0.07161432641731935 0.0720518834072942 0.08135157316659378 0.09643512881403456 0.07957082896620303 0.10424578138871245 0.08417836213056824 0.09827054854487736 0.09099063600291563 0.08676107458272865 0.07055256139155482 0.07391930700153648 0.09662727523862778 0.08372745188508232 0.08712682209389715
0.10424578138871245 0.08417836213056824 0.09827054854487736 0.09099063600291563 0.08676107458272865 0.07055256139155482 0.07391930700153648 0.09662727523862778 0.08372745188508232 0.08712682209389715 0.09019107445427407 0.07367521589267166 0.07658495317823727 0.06333260813305289 0.08547929922402758
0.07055256139155482 0.07391930700153648 0.09662727523862778 0.08372745188508232 0.08712682209389715 0.09019107445427407 0.07367521589267166 0.07658495317823727 0.06333260813305289 0.08547929922402758 0.10324630262430444 0.09164387351914095 0.08950919908591284 0.10843907914139733 0.10513743348505868
0.09019107445427407 0.07367521589267166 0.07658495317823727 0.06333260813305289 0.08547929922402758 0.10324630262430444 0.09164387351914095 0.08950919908591284 0.10843907914139733 0.10513743348505868 0.08572037023630784 0.08932407966265934 0.09757955929350018 0.1032221166631263 0.10130470306973649
0.10324630262430444 0.09164387351914095 0.08950919908591284 0.10843907914139733 0.10513743348505868 0.08572037023630784 0.08932407966265934 0.09757955929350018 0.1032221166631263 0.10130470306973649 0.09387999421887103 0.07841787869047906 0.08506978782577584 0.07003463682654024 0.07740930025321413
0.08572037023630784 0.08932407966265934 0.09757955929350018 0.1032221166631263 0.10130470306973649 0.09387999421887103 0.07841787869047906 0.08506978782577584 0.07003463682654024 0.07740930025321413 0.08251261203503615 0.07619741063930818 0.07792515073285472 0.07551143301662631 0.06431435887580171
0.09387999421887103 0.07841787869047906 0.08506978782577584 0.07003463682654024 0.07740930025321413 0.08251261203503615 0.07619741063930818 0.07792515073285472 0.07551143301662631 0.06431435887580171 0.08417326972964691 0.07235054784824368 0.09978219780742988 0.09761153132320585 0.06744613911739908
0.08251261203503615 0.07619741063930818 0.07792515073285472 0.07551143301662631 0.06431435887580171 0.08417326972964691 0.07235054784824368 0.09978219780742988 0.09761153132320585 0.06744613911739908 0.07666501935847728 0.06687737833174226 0.05393244218870467 0.05641647261187632 0.06271993698090987
0.07666501935847728 0.06687737833174226 0.05393244218870467 0.05641647261187632 0.06271993698090987 0.09977163537409312 0.07985896656502883 0.07654735534389358 0.07664828015441312 0.08491760609855459 0.09657371598255345 0.11029531512997595 0.10004963881671797 0.0894504337651521 0.07439503304220164
0.09977163537409312 0.07985896656502883 0.07654735534389358 0.07664828015441312 0.08491760609855459 0.09657371598255345 0.11029531512997595 0.10004963881671797 0.0894504337651521 0.07439503304220164 0.11190712744129035 0.1041128519275084 0.10731935232181866 0.10884282956878749 0.09718548088838093
0.09657371598255345 0.11029531512997595 0.10004963881671797 0.0894504337651521 0.07439503304220164 0.11190712744129035 0.1041128519275084 0.10731935232181866 0.10884282956878749 0.09718548088838093 0.10922482534536682 0.11192351580910384 0.07089395836780421 0.07118739496234258 0.10930392038494915
0.11190712744129035 0.1041128519275084 0.10731935232181866 0.10884282956878749 0.09718548088838093 0.10922482534536682 0.11192351580910384 0.07089395836780421 0.07118739496234258 0.10930392038494915 0.12411483626966205 0.07645954057159117 0.0777171282838919 0.07063499009904387 0.04802875237425393
0.10922482534536682 0.11192351580910384 0.07089395836780421 0.07118739496234258 0.10930392038494915 0.12411483626966205 0.07645954057159117 0.0777171282838919 0.07063499009904387 0.04802875237425393 0.06326485219321297 0.08557240574371042 0.06943550930367381 0.08102985973394952 0.08524096571600825
0.12411483626966205 0.07645954057159117 0.0777171282838919 0.07063499009904387 0.04802875237425393 0.06326485219321297 0.08557240574371042 0.06943550930367381 0.08102985973394952 0.08524096571600825 0.06804332887728264 0.07730727956025704 0.07536535647194179 0.07198098671618591 0.08499388796215215
0.06326485219321297 0.08557240574371042 0.06943550930367381 0.08102985973394952 0.08524096571600825 0.06804332887728264 0.07730727956025704 0.07536535647194179 0.07198098671618591 0.08499388796215215 0.08374814562770741 0.08103469527033418 0.07712652178257311 0.075658615289816 0.07458538096528095
0.06804332887728264 0.07730727956025704 0.07536535647194179 0.07198098671618591 0.08499388796215215 0.08374814562770741 0.08103469527033418 0.07712652178257311 0.075658615289816 0.07458538096528095 0.0641556125681435 0.07218245143776977 0.0745113663371319 0.08275972873963315 0.0767298051411173
0.08374814562770741 0.08103469527033418 0.07712652178257311 0.075658615289816 0.07458538096528095 0.0641556125681435 0.07218245143776977 0.0745113663371319 0.08275972873963315 0.0767298051411173 0.07317562883831874 0.06447364360971955 0.06441776407780364 0.06647340113110074 0.07508899187253903
0.0641556125681435 0.07218245143776977 0.0745113663371319 0.08275972873963315 0.0767298051411173 0.07317562883831874 0.06447364360971955 0.06441776407780364 0.06647340113110074 0.07508899187253903 0.08020850150330613 0.08676379225745143 0.053453957526413465 0.05361340018647216 0.06065560591558763
0.08020850150330613 0.08676379225745143 0.053453957526413465 0.05361340018647216 0.06065560591558763 0.058786126517210685 0.07907974162274303 0.10617478467018562 0.09103239517563336 0.08118017261026109 0.09772920986961152 0.08519519636086773 0.08063609913349976 0.07483588930259459 0.07841198672222528
0.058786126517210685 0.07907974162274303 0.10617478467018562 0.09103239517563336 0.08118017261026109 0.09772920986961152 0.08519519636086773 0.08063609913349976 0.07483588930259459 0.07841198672222528 0.09323722511012177 0.0725392933866649 0.03409477443788542 0.07941009603005751 0.10011330263739632
0.09323722511012177 0.0725392933866649 0.03409477443788542 0.07941009603005751 0.10011330263739632 0.09496394979452132 0.1238080009845065 0.12523897590258426 0.11604219196469955 0.13351944148110198 0.10808093117022333 0.10460139639941088 0.11509104135124068 0.08632145019931711 0.0734446705389463
0.09496394979452132 0.1238080009845065 0.12523897590258426 0.11604219196469955 0.13351944148110198 0.10808093117022333 0.10460139639941088 0.11509104135124068 0.08632145019931711 0.0734446705389463 0.06410500623655295 0.11776848442597251 0.11103121055169152 0.11567724732253555 0.1313328354349256
0.10808093117022333 0.10460139639941088 0.11509104135124068 0.08632145019931711 0.0734446705389463 0.06410500623655295 0.11776848442597251 0.11103121055169152 0.11567724732253555 0.1313328354349256 0.12076409199728311 0.10883270447141673 0.11665851647112821 0.1103930333678737 0.11486858547089873
0.06410500623655295 0.11776848442597251 0.11103121055169152 0.11567724732253555 0.1313328354349256 0.12076409199728311 0.10883270447141673 0.11665851647112821 0.1103930333678737 0.11486858547089873 0.09225558653686436 0.07666130073489771 0.13134930672348935 0.08442712014368277 0.09870489133251756
0.12076409199728311 0.10883270447141673 0.11665851647112821 0.1103930333678737 0.11486858547089873 0.09225558653686436 0.07666130073489771 0.13134930672348935 0.08442712014368277 0.09870489133251756 0.09205462753350337 0.08053239355247456 0.09922633094847838 0.06643760362484948 0.09366108039186677
0.09225558653686436 0.07666130073489771 0.13134930672348935 0.08442712014368277 0.09870489133251756 0.09205462753350337 0.08053239355247456 0.09922633094847838 0.06643760362484948 0.09366108039186677 0.0718062934382297 0.09385255167071449 0.08719813942795962 0.0717154123299512 0.07428602464475997
0.09205462753350337 0.08053239355247456 0.09922633094847838 0.06643760362484948 0.09366108039186677 0.0718062934382297 0.09385255167071449 0.08719813942795962 0.0717154123299512 0.07428602464475997 0.07409512956093414 0.07933350402889676 0.09398045343013706 0.09184430921796717 0.09360516957513101
0.0718062934382297 0.09385255167071449 0.08719813942795962 0.0717154123299512 0.07428602464475997 0.07409512956093414 0.07933350402889676 0.09398045343013706 0.09184430921796717 0.09360516957513101 0.1115206535989954 0.11235692149389756 0.10343527780025341 0.06309049063082534 0.07819712634630398
0.07409512956093414 0.07933350402889676 0.09398045343013706 0.09184430921796717 0.09360516957513101 0.1115206535989954 0.11235692149389756 0.10343527780025341 0.06309049063082534 0.07819712634630398 0.0775442002076061 0.1103544776490837 0.07835048163022602 0.07801658065168021 0.07468265165236271
0.1115206535989954 0.11235692149389756 0.10343527780025341 0.06309049063082534 0.07819712634630398 0.0775442002076061 0.1103544776490837 0.07835048163022602 0.07801658065168021 0.07468265165236271 0.08654090983520214 0.07788221414288055 0.06813259255264234 0.08543128903624114 0.10288940494167313
0.0775442002076061 0.1103544776490837 0.07835048163022602 0.07801658065168021 0.07468265165236271 0.08654090983520214 0.07788221414288055 0.06813259255264234 0.08543128903624114 0.10288940494167313 0.0817805622495148 0.08522887416632008 0.10139909727444589 0.10398092841588934 0.10913159423424754
0.08654090983520214 0.07788221414288055 0.06813259255264234 0.08543128903624114 0.10288940494167313 0.0817805622495148 0.08522887416632008 0.10139909727444589 0.10398092841588934 0.10913159423424754 0.09226199587975703 0.056182153387311834 0.08987074307418545 0.07331472772627251 0.10694174518588977
0.09226199587975703 0.056182153387311834 0.08987074307418545 0.07331472772627251 0.10694174518588977 0.12628084951360186 0.1122407619478887 0.09395157103308144 0.07850844677934592 0.1017197818634648 0.10208287364878922 0.1041149081959843 0.07523685965549451 0.05713869988508972 0.062256398297998616
0.10208287364878922 0.1041149081959843 0.07523685965549451 0.05713869988508972 0.062256398297998616 0.09073654726893758 0.09300327494781715 0.0845052309409105 0.09646690407950492 0.08273565278561551 0.06637070792090335 0.08806989299843201 0.09726275593595411 0.08185761637139102 0.07027797136778421
0.09073654726893758 0.09300327494781715 0.0845052309409105 0.09646690407950492 0.08273565278561551 0.06637070792090335 0.08806989299843201 0.09726275593595411 0.08185761637139102 0.07027797136778421 0.10252215006647195 0.09356998428740493 0.07395168031637424 0.06945237640328672 0.08202633644628751
0.06637070792090335 0.08806989299843201 0.09726275593595411 0.08185761637139102 0.07027797136778421 0.10252215006647195 0.09356998428740493 0.07395168031637424 0.06945237640328672 0.08202633644628751 0.07201643293204477 0.10642719704318374 0.1025728527844752 0.10208871372904514 0.11819526016856143
0.10252215006647195 0.09356998428740493 0.07395168031637424 0.06945237640328672 0.08202633644628751 0.07201643293204477 0.10642719704318374 0.1025728527844752 0.10208871372904514 0.11819526016856143 0.10266585392284883 0.07197702524211226 0.0812189027651857 0.08958435904968312 0.10306991925724734
0.07201643293204477 0.10642719704318374 0.1025728527844752 0.10208871372904514 0.11819526016856143 0.10266585392284883 0.07197702524211226 0.0812189027651857 0.08958435904968312 0.10306991925724734 0.11886205794356905 0.09403763636534809 0.09048050931907015 0.06800302252223123 0.07155623393952407
0.11886205794356905 0.09403763636534809 0.09048050931907015 0.06800302252223123 0.07155623393952407 0.10304084796268645 0.09825412860773262 0.095573503452729 0.11299833634937745 0.10836481110612392 0.0919732364117653 0.07920126946767289 0.07748336626692615 0.09148492278696543 0.06432186798621294
0.10304084796268645 0.09825412860773262 0.095573503452729 0.11299833634937745 0.10836481110612392 0.0919732364117653 0.07920126946767289 0.07748336626692615 0.09148492278696543 0.06432186798621294 0.07031542819785323 0.06749167629468564 0.05944657641342353 0.08323730507267643 0.0948870821190953
0.0919732364117653 0.07920126946767289 0.07748336626692615 0.09148492278696543 0.06432186798621294 0.07031542819785323 0.06749167629468564 0.05944657641342353 0.08323730507267643 0.0948870821190953 0.09757147348437346 0.0824678228482908 0.06675942948064874 0.07184656500528336 0.10660140321122619
0.07031542819785323 0.06749167629468564 0.05944657641342353 0.08323730507267643 0.0948870821190953 0.09757147348437346 0.0824678228482908 0.06675942948064874 0.07184656500528336 0.10660140321122619 0.10757444684049167 0.11218444754446538 0.07926868125013838 0.07321875779669451 0.09615358343444165
0.09757147348437346 0.0824678228482908 0.06675942948064874 0.07184656500528336 0.10660140321122619 0.10757444684049167 0.11218444754446538 0.07926868125013838 0.07321875779669451 0.09615358343444165 0.08789043444511759 0.0867396160339064 0.09354870917658914 0.09436546938407164 0.06180778382465175
0.10757444684049167 0.11218444754446538 0.07926868125013838 0.07321875779669451 0.09615358343444165 0.08789043444511759 0.0867396160339064 0.09354870917658914 0.09436546938407164 0.06180778382465175 0.0796805007492374 0.07479570703438533 0.1078892592807569 0.10288376719308909 0.09579467982094252
0.08789043444511759 0.0867396160339064 0.09354870917658914 0.09436546938407164 0.06180778382465175 0.0796805007492374 0.07479570703438533 0.1078892592807569 0.10288376719308909 0.09579467982094252 0.08607518727158922 0.07292410478328887 0.10854157418711097 0.10084695340065389 0.06835445871219786
0.0796805007492374 0.07479570703438533 0.1078892592807569 0.10288376719308909 0.09579467982094252 0.08607518727158922 0.07292410478328887 0.10854157418711097 0.10084695340065389 0.06835445871219786 0.07759470622172737 0.08080236435650376 0.05397602428777065 0.06652558951160298 0.05984412056290414
0.07759470622172737 0.08080236435650376 0.05397602428777065 0.06652558951160298 0.05984412056290414 0.09023845874647299 0.09135797013135932 0.0718432965151787 0.08116913145449756 0.07192329464867298 0.06387685715714043 0.07577647953159392 0.08469507638465577 0.06803745089811922 0.07897193270761284
0.09023845874647299 0.09135797013135932 0.0718432965151787 0.08116913145449756 0.07192329464867298 0.06387685715714043 0.07577647953159392 0.08469507638465577 0.06803745089811922 0.07897193270761284 0.08784437974429338 0.06290199435859492 0.07159514083271198 0.06297196831926885 0.07425709369687082
0.06387685715714043 0.07577647953159392 0.08469507638465577 0.06803745089811922 0.07897193270761284 0.08784437974429338 0.06290199435859492 0.07159514083271198 0.06297196831926885 0.07425709369687082 0.09160936977450411 0.07291292171722172 0.07226360359161754 0.061939668420069954 0.06643244530608455
0.08784437974429338 0.06290199435859492 0.07159514083271198 0.06297196831926885 0.07425709369687082 0.09160936977450411 0.07291292171722172 0.07226360359161754 0.061939668420069954 0.06643244530608455 0.06793563006776336 0.07090786063761534 0.0680705098605946 0.045968741916036435 0.07635412443215353
0.09160936977450411 0.07291292171722172 0.07226360359161754 0.061939668420069954 0.06643244530608455 0.06793563006776336 0.07090786063761534 0.0680705098605946 0.045968741916036435 0.07635412443215353 0.05264327343381386 0.06210549483002839 0.051227568449895705 0.054158099606895695 0.05422047997265253
0.06793563006776336 0.07090786063761534 0.0680705098605946 0.045968741916036435 0.07635412443215353 0.05264327343381386 0.06210549483002839 0.051227568449895705 0.054158099606895695 0.05422047997265253 0.047110506440387556 0.0533791722299989 0.05681003819659017 0.06780875303025506 0.07345748115603205
0.05264327343381386 0.06210549483002839 0.051227568449895705 0.054158099606895695 0.05422047997265253 0.047110506440387556 0.0533791722299989 0.05681003819659017 0.06780875303025506 0.07345748115603205 0.08193922503168316 0.07026197213604563 0.051140969630802426 0.05853994793382972 0.059787153277934976
0.047110506440387556 0.0533791722299989 0.05681003819659017 0.06780875303025506 0.07345748115603205 0.08193922503168316 0.07026197213604563 0.051140969630802426 0.05853994793382972 0.059787153277934976 0.05988260630495114 0.06416201115910711 0.05952318453940106 0.057734375622659165 0.07652255430675942
0.08193922503168316 0.07026197213604563 0.051140969630802426 0.05853994793382972 0.059787153277934976 0.05988260630495114 0.06416201115910711 0.05952318453940106 0.057734375622659165 0.07652255430675942 0.08555498964037131 0.0839641687976174 0.07555024167483781 0.060235763030362516 0.0799838379076108
0.05988260630495114 0.06416201115910711 0.05952318453940106 0.057734375622659165 0.07652255430675942 0.08555498964037131 0.0839641687976174 0.07555024167483781 0.060235763030362516 0.0799838379076108 0.0748324276047686 0.06969264055653986 0.06841238219565601 0.073610989757855 0.059606263298311896
0.08555498964037131 0.0839641687976174 0.07555024167483781 0.060235763030362516 0.0799838379076108 0.0748324276047686 0.06969264055653986 0.06841238219565601 0.073610989757855 0.059606263298311896 0.0924581795272115 0.06880831304490642 0.0447432804234512 0.06889993441957468 0.043964975822005585
0.0924581795272115 0.06880831304490642 0.0447432804234512 0.06889993441957468 0.043964975822005585 0.07499005720455945 0.08134891680973783 0.08026386063164778 0.0820535400864472 0.07270179510565307 0.06981895139535728 0.0588662539201851 0.06795691658090419 0.0511224165823237 0.06105205548341919
0.07499005720455945 0.08134891680973783 0.08026386063164778 0.0820535400864472 0.07270179510565307 0.06981895139535728 0.0588662539201851 0.06795691658090419 0.0511224165823237 0.06105205548341919 0.07718170606796218 0.07627039632049173 0.05450545024534603 0.05418398173676848 0.0560007823109511
0.06981895139535728 0.0588662539201851 0.06795691658090419 0.0511224165823237 0.06105205548341919 0.07718170606796218 0.07627039632049173 0.05450545024534603 0.05418398173676848 0.0560007823109511 0.052208688074977486 0.06408672939867209 0.059744600067713975 0.055934240679831215 0.069523203338162
0.07718170606796218 0.07627039632049173 0.05450545024534603 0.05418398173676848 0.0560007823109511 0.052208688074977486 0.06408672939867209 0.059744600067713975 0.055934240679831215 0.069523203338162 0.05854961655634991 0.07138710010770172 0.08178631446409143 0.06329754864003605 0.060517253583853084
0.052208688074977486 0.06408672939867209 0.059744600067713975 0.055934240679831215 0.069523203338162 0.05854961655634991 0.07138710010770172 0.08178631446409143 0.06329754864003605 0.060517253583853084 0.058364632586905885 0.07878669983007597 0.07305858722183671 0.06332232777733196 0.06999525627067192
0.05854961655634991 0.07138710010770172 0.08178631446409143 0.06329754864003605 0.060517253583853084 0.058364632586905885 0.07878669983007597 0.07305858722183671 0.06332232777733196 0.06999525627067192 0.07304312193320081 0.07356851777721703 0.09463923877327049 0.08253348395956198 0.0664326538113511
0.058364632586905885 0.07878669983007597 0.07305858722183671 0.06332232777733196 0.06999525627067192 0.07304312193320081 0.07356851777721703 0.09463923877327049 0.08253348395956198 0.0664326538113511 0.03930331314066387 0.057934823985290027 0.06665519345701666 0.046560441862086674 0.0536490970506431
0.07304312193320081 0.07356851777721703 0.09463923877327049 0.08253348395956198 0.0664326538113511 0.03930331314066387 0.057934823985290027 0.06665519345701666 0.046560441862086674 0.0536490970506431 0.07165832171902659 0.06806627116225054 0.07927846810779945 0.07130782310165902 0.059823738360775085
0.03930331314066387 0.057934823985290027 0.06665519345701666 0.046560441862086674 0.0536490970506431 0.07165832171902659 0.06806627116225054 0.07927846810779945 0.07130782310165902 0.059823738360775085 0.0823944519759139 0.06123971434504259 0.07499659655890734 0.059832391960008946 0.07232158479302617
0.07165832171902659 0.06806627116225054 0.07927846810779945 0.07130782310165902 0.059823738360775085 0.0823944519759139 0.06123971434504259 0.07499659655890734 0.059832391960008946 0.07232158479302617 0.07186522646570526 0.07790363218953164 0.0994541961429489 0.09378045308100705 0.06487311777702447
0.0823944519759139 0.06123971434504259 0.07499659655890734 0.059832391960008946 0.07232158479302617 0.07186522646570526 0.07790363218953164 0.0994541961429489 0.09378045308100705 0.06487311777702447 0.06857424027193944 0.04837942125529782 0.04782445385159308 0.03646473681622489 0.08524535427359867
0.06857424027193944 0.04837942125529782 0.04782445385159308 0.03646473681622489 0.08524535427359867 0.0877074482672842 0.08799384704647878 0.08194357851032083 0.05870722534692678 0.10951945140537395 0.07393842576833087 0.10927493876292593 0.10392175497336228 0.11374301327760224 0.1156998934272733
0.0877074482672842 0.08799384704647878 0.08194357851032083 0.05870722534692678 0.10951945140537395 0.07393842576833087 0.10927493876292593 0.10392175497336228 0.11374301327760224 0.1156998934272733 0.11499865608743032 0.10814677046493967 0.12645807931374267 0.13129599458230334 0.09607015067363203
0.07393842576833087 0.10927493876292593 0.10392175497336228 0.11374301327760224 0.1156998934272733 0.11499865608743032 0.10814677046493967 0.12645807931374267 0.13129599458230334 0.09607015067363203 0.09678771295953793 0.09933692135813818 0.09701210892823381 0.07803232001020244 0.1098057605829009
0.11499865608743032 0.10814677046493967 0.12645807931374267 0.13129599458230334 0.09607015067363203 0.09678771295953793 0.09933692135813818 0.09701210892823381 0.07803232001020244 0.1098057605829009 0.09309235827098138 0.09360319584332438 0.10072823931214825 0.09720624764767624 0.07430506895570091
0.09678771295953793 0.09933692135813818 0.09701210892823381 0.07803232001020244 0.1098057605829009 0.09309235827098138 0.09360319584332438 0.10072823931214825 0.09720624764767624 0.07430506895570091 0.07786248633530521 0.0900340298895618 0.09768707843334724 0.07842141981650592 0.0868511359304274
0.09309235827098138 0.09360319584332438 0.10072823931214825 0.09720624764767624 0.07430506895570091 0.07786248633530521 0.0900340298895618 0.09768707843334724 0.07842141981650592 0.0868511359304274 0.08584766215834277 0.0774400292890046 0.07690879533600326 0.11394831146275025 0.11876253578170128
0.08584766215834277 0.0774400292890046 0.07690879533600326 0.11394831146275025 0.11876253578170128 0.12317134078251897 0.10585090691575968 0.08361738055340893 0.10571776554450199 0.11043306621318096 0.11793028394622534 0.10171300231957425 0.12351373114119862 0.09406294192614498 0.0749634972064705
0.12317134078251897 0.10585090691575968 0.08361738055340893 0.10571776554450199 0.11043306621318096 0.11793028394622534 0.10171300231957425 0.12351373114119862 0.09406294192614498 0.0749634972064705 0.06538712537211681 0.07531231678134678 0.0903884186830476 0.10237344078724364 0.06891060823598932
0.11793028394622534 0.10171300231957425 0.12351373114119862 0.09406294192614498 0.0749634972064705 0.06538712537211681 0.07531231678134678 0.0903884186830476 0.10237344078724364 0.06891060823598932 0.08221707513602504 0.08905876492288271 0.10461701113249475 0.1010982678795604 0.11219780790407956
0.06538712537211681 0.07531231678134678 0.0903884186830476 0.10237344078724364 0.06891060823598932 0.08221707513602504 0.08905876492288271 0.10461701113249475 0.1010982678795604 0.11219780790407956 0.0856311458476746 0.08249394640940312 0.09829725715876839 0.09944318108758421 0.09594043060205718
0.08221707513602504 0.08905876492288271 0.10461701113249475 0.1010982678795604 0.11219780790407956 0.0856311458476746 0.08249394640940312 0.09829725715876839 0.09944318108758421 0.09594043060205718 0.09374009064968289 0.11287823247524581 0.11526745357607435 0.09142403822604894 0.09943829384957556
0.0856311458476746 0.08249394640940312 0.09829725715876839 0.09944318108758421 0.09594043060205718 0.09374009064968289 0.11287823247524581 0.11526745357607435 0.09142403822604894 0.09943829384957556 0.08712100937459269 0.09681122093272507 0.08459327618206021 0.10630378303148938 0.10284497885100535
0.09374009064968289 0.11287823247524581 0.11526745357607435 0.09142403822604894 0.09943829384957556 0.08712100937459269 0.09681122093272507 0.08459327618206021 0.10630378303148938 0.10284497885100535 0.09411749201292267 0.07089216895445952 0.07140718223137948 0.06391135075644849 0.0815891431842153
0.08712100937459269 0.09681122093272507 0.08459327618206021 0.10630378303148938 0.10284497885100535 0.09411749201292267 0.07089216895445952 0.07140718223137948 0.06391135075644849 0.0815891431842153 0.09671600563740437 0.07887336981885684 0.0986540201259158 0.07506504004655502 0.06984167007225368
0.09411749201292267 0.07089216895445952 0.07140718223137948 0.06391135075644849 0.0815891431842153 0.09671600563740437 0.07887336981885684 0.0986540201259158 0.07506504004655502 0.06984167007225368 0.08029329231233494 0.08605370816922754 0.09805270464969892 0.11615001149793942 0.10885378848466845
