0.11956749993312392 0.1296620470163445 0.14816170199092393 0.1577022314162707 0.14156091761941503 0.1249754925596773 0.11249832822086889 0.11544838397513706 0.11633056703353285 0.1266654860102992 0.12535728627675793 0.1305236753377752 0.12621575745403557 0.14399182060368465 0.14390786471624717
0.08417326972964691 0.07235054784824368 0.09978219780742988 0.09761153132320585 0.06744613911739908 0.07666501935847728 0.06687737833174226 0.05393244218870467 0.05641647261187632 0.06271993698090987 0.09977163537409312 0.07985896656502883 0.07654735534389358 0.07664828015441312 0.08491760609855459
0.07317562883831874 0.06447364360971955 0.06441776407780364 0.06647340113110074 0.07508899187253903 0.08020850150330613 0.08676379225745143 0.053453957526413465 0.05361340018647216 0.06065560591558763 0.058786126517210685 0.07907974162274303 0.10617478467018562 0.09103239517563336 0.08118017261026109
0.09772920986961152 0.08519519636086773 0.08063609913349976 0.07483588930259459 0.07841198672222528 0.09323722511012177 0.0725392933866649 0.03409477443788542 0.07941009603005751 0.10011330263739632 0.09496394979452132 0.1238080009845065 0.12523897590258426 0.11604219196469955 0.13351944148110198
0.0817805622495148 0.08522887416632008 0.10139909727444589 0.10398092841588934 0.10913159423424754 0.09226199587975703 0.056182153387311834 0.08987074307418545 0.07331472772627251 0.10694174518588977 0.12628084951360186 0.1122407619478887 0.09395157103308144 0.07850844677934592 0.1017197818634648
0.12628084951360186 0.1122407619478887 0.09395157103308144 0.07850844677934592 0.1017197818634648 0.10208287364878922 0.1041149081959843 0.07523685965549451 0.05713869988508972 0.062256398297998616 0.09073654726893758 0.09300327494781715 0.0845052309409105 0.09646690407950492 0.08273565278561551
0.10266585392284883 0.07197702524211226 0.0812189027651857 0.08958435904968312 0.10306991925724734 0.11886205794356905 0.09403763636534809 0.09048050931907015 0.06800302252223123 0.07155623393952407 0.10304084796268645 0.09825412860773262 0.095573503452729 0.11299833634937745 0.10836481110612392
0.08607518727158922 0.07292410478328887 0.10854157418711097 0.10084695340065389 0.06835445871219786 0.07759470622172737 0.08080236435650376 0.05397602428777065 0.06652558951160298 0.05984412056290414 0.09023845874647299 0.09135797013135932 0.0718432965151787 0.08116913145449756 0.07192329464867298
0.0748324276047686 0.06969264055653986 0.06841238219565601 0.073610989757855 0.059606263298311896 0.0924581795272115 0.06880831304490642 0.0447432804234512 0.06889993441957468 0.043964975822005585 0.07499005720455945 0.08134891680973783 0.08026386063164778 0.0820535400864472 0.07270179510565307
0.07186522646570526 0.07790363218953164 0.0994541961429489 0.09378045308100705 0.06487311777702447 0.06857424027193944 0.04837942125529782 0.04782445385159308 0.03646473681622489 0.08524535427359867 0.0877074482672842 0.08799384704647878 0.08194357851032083 0.05870722534692678 0.10951945140537395
0.07786248633530521 0.0900340298895618 0.09768707843334724 0.07842141981650592 0.0868511359304274 0.08584766215834277 0.0774400292890046 0.07690879533600326 0.11394831146275025 0.11876253578170128 0.12317134078251897 0.10585090691575968 0.08361738055340893 0.10571776554450199 0.11043306621318096
