0.12769276033090982 0.14006361705356762 0.10737294585538179 0.11520518813595561 0.141515922064826 0.14681461872050722 0.1340108617467224 0.1035000688629619 0.06871486381329187 0.11278753805797194 0.1144544281217309 0.13296580404674513 0.12408495033561981 0.10461316091226451 0.10718243875888114
0.09923000113215336 0.10508790663298162 0.09563394209310322 0.10644742561445503 0.09988041284903354 0.10977227151897995 0.11589176927873451 0.1326376489991913 0.07265625338477041 0.08764225610365337 0.10369264582871848 0.10205836320012346 0.11365889920339142 0.12592991892396838 0.1488056913599179
0.10369264582871848 0.10205836320012346 0.11365889920339142 0.12592991892396838 0.1488056913599179 0.133094242725729 0.14998411382936 0.1727487125927482 0.05590393501860902 0.07269582094936257 0.1198437266051098 0.18676078745614602 0.18856547445823338 0.17444750258988523 0.17854634490964064
0.16835929862823396 0.16459663404454994 0.15953899787395603 0.16691532953565974 0.14706914793377812 0.16573347284668835 0.15450200764776392 0.13953021989468112 0.1381214500205214 0.1496788446423325 0.14911649821195705 0.1479508123771195 0.15010712130914536 0.15268464936353665 0.1397610077793704
0.1417027645870687 0.164115888549565 0.14786855752909764 0.142603974651342 0.12345009586378922 0.09030756206987808 0.08705122330307398 0.07763005056741648 0.10455086365242784 0.0947226996872723 0.12337381919474172 0.11072818058418778 0.11851354496342104 0.11081539096962131 0.12909080010402943
0.11343327960928859 0.10769480869226139 0.1112570292518358 0.12717646130574659 0.14201397442958522 0.12539813315361156 0.13754204566469042 0.14472169124713313 0.04927428867358828 0.05716472396750551 0.09042766481816582 0.08229486988839288 0.07596048076343122 0.08443139288976417 0.11737585026983013
0.10057555050703341 0.10082536986371088 0.11308056134930047 0.09874545640999507 0.11101302937325991 0.10535578244574606 0.10460794332612885 0.06714101519976633 0.03709329356837192 0.033799559633462053 0.06230045220293108 0.07539084875592779 0.08374135667034363 0.09820275196032245 0.14082727365877484
0.1420517256609701 0.11727681259621914 0.11194940515604512 0.1326702387910294 0.11044385776335133 0.12603804349106643 0.11473228684605763 0.06353101395305391 0.03298012724736827 0.12571543159575913 0.12369818959606146 0.12894115063650297 0.1435585540139862 0.13729640705617463 0.12208986076181322
0.12369818959606146 0.12894115063650297 0.1435585540139862 0.13729640705617463 0.12208986076181322 0.11848044571220052 0.10839853678212967 0.1191490431827256 0.13988346121502304 0.11441048128810488 0.12034952772141845 0.13423533183985314 0.11922576143502467 0.13446800667709252 0.14652662863679647
0.15074233806346388 0.15713130699979466 0.15480710943549994 0.1644676306572658 0.13696367212846328 0.12601256017687096 0.12508055655297334 0.024840889112855667 0.055265699317255584 0.09881842118758719 0.14062513431380735 0.1484103663244764 0.16007511242155673 0.1616756958553472 0.14529983028017554
0.12229614741222879 0.12134878521572187 0.12424463644567857 0.12582473635551636 0.15545519960115084 0.12602656195976747 0.12556537817678645 0.08990803284019275 0.09446182562746495 0.12250432519339349 0.12225229968989926 0.1608521406767531 0.11990206142507645 0.13032600396476968 0.12227431822607256
0.12225229968989926 0.1608521406767531 0.11990206142507645 0.13032600396476968 0.12227431822607256 0.14191390217892347 0.054551257513973966 0.0548532345494076 0.11755606060475625 0.12056894397019048 0.1513038911009054 0.1476144559368367 0.15204404218983986 0.13581181874343765 0.11561160359244432
0.10993431943791121 0.10519997890609195 0.09434035508757482 0.10166643626060778 0.095031577773874 0.08617142082131218 0.0831641864174783 0.09872294998403705 0.09256402275234243 0.08034504176523898 0.09670314533121596 0.09837274490136841 0.12178520710610793 0.11175672917653218 0.11447843378416755
0.12357209695173052 0.1208995477664076 0.12618928962124748 0.11322152181176375 0.09152881869110269 0.0817189026235404 0.10377678645105387 0.12145759008684032 0.0668633805542473 0.06843244397289118 0.07236000932309603 0.08048716130403508 0.0815396765135013 0.10426527684541942 0.11966158828291426
0.11407329515535598 0.0998264430081411 0.09249444227751258 0.09108671486352268 0.09608696298893724 0.06510213021643307 0.03997480099445061 0.0472427410989338 0.06398646670087828 0.0738558961780084 0.10862753075648357 0.11036123717418635 0.07251802349077147 0.06255175372034844 0.0705898256864347
0.08679256270693887 0.08810711077009994 0.08518493337836967 0.07841386047042612 0.08470819852955348 0.08317606855144358 0.06893089886524717 0.07169865980772816 0.08718649357847905 0.08314026001601466 0.09652788148476202 0.0889063326629486 0.10420678016156151 0.08839890589803338 0.07728513623733159
0.08648601920306344 0.08957375397527792 0.08516036491034668 0.07825536388409429 0.09670314533121596 0.0735568896455564 0.0770007289332292 0.058094923235067764 0.07389651306409863 0.06514002587599885 0.07498802191057052 0.12201043079631296 0.07154166937762815 0.08228769923003534 0.09793646390450036
0.08302380097396467 0.10100357814662109 0.09382277353119209 0.11315882722260495 0.10810147937717915 0.0949474764014569 0.07958377292716368 0.072307796020862 0.10485378030948767 0.09383593847035257 0.10677599190398307 0.10050928043809781 0.09811368469225912 0.09090241926958381 0.11495529486838599
